0.0,62.11832502419037,170.97869621360294,0
0.25,62.347653778652685,171.07823677004484,0
0.5,62.576982533115,171.17777732648673,0
0.75,62.806311287577316,171.27731788292863,0
1.0,63.04826229998322,171.3402440904717,0
1.25,63.29021331238913,171.4031702980148,0
1.5,63.53216432479503,171.46609650555789,0
1.75,63.77411533720094,171.52902271310097,0
2.0,64.01297905634723,171.60280701817732,0
2.25,64.25184277549353,171.67659132325366,0
2.5,64.49070649463982,171.75037562833,0
2.75,64.72957021378612,171.82415993340635,0
3.0,64.96798848393652,171.8993711590212,0
3.25,65.20640675408693,171.97458238463605,0
3.5,65.44482502423733,172.0497936102509,0
3.75,65.68324329438774,172.12500483586575,0
4.0,65.92293967121948,172.196037553213,0
4.25,66.16263604805123,172.26707027056023,0
4.5,66.40233242488297,172.33810298790746,0
4.75,66.64202880171472,172.4091357052547,0
5.0,66.88146646238029,172.4810356819932,0
5.25,67.12090412304586,172.5529356587317,0
5.5,67.36034178371143,172.62483563547022,0
5.75,67.599779444377,172.69673561220873,0
6.0,67.83751029490469,172.77409220667477,0
6.25,68.07524114543237,172.8514488011408,0
6.5,68.31297199596005,172.92880539560684,0
6.75,68.55070284648774,173.00616199007288,0
7.0,68.76337185949508,173.13758455627246,0
7.25,68.97604087250242,173.26900712247203,0
7.5,69.18870988550977,173.4004296886716,0
7.75,69.40137889851711,173.53185225487118,0
8.0,69.6202082984638,173.65273936633875,0
8.25,69.83903769841048,173.77362647780632,0
8.5,70.05786709835716,173.89451358927388,0
8.75,70.27669649830385,174.01540070074145,0
9.0,70.51791803387823,174.08106782170117,0
9.25,70.75913956945261,174.14673494266088,0
9.5,71.000361105027,174.2124020636206,0
9.75,71.24158264060138,174.27806918458032,0
10.0,71.47285061038748,174.37301720273243,0
10.25,71.70411858017358,174.46796522088454,0
10.5,71.93538654995969,174.56291323903665,0
10.75,72.16665451974579,174.65786125718876,0
11.0,72.38755236752034,174.77492594378796,0
11.25,72.6084502152949,174.89199063038717,0
11.5,72.82934806306945,175.00905531698638,0
11.75,73.050245910844,175.12612000358558,0
12.0,73.27965229187342,175.225481527039,0
12.25,73.50905867290284,175.3248430504924,0
12.5,73.73846505393226,175.42420457394581,0
12.75,73.96787143496168,175.52356609739923,0
13.0,74.20049475117226,175.6151433476047,0
13.25,74.43311806738284,175.70672059781015,0
13.5,74.66574138359341,175.7982978480156,0
13.75,74.89836469980399,175.88987509822107,0
14.0,75.12599392785489,175.99324305523365,0
14.25,75.3536231559058,176.09661101224623,0
14.5,75.5812523839567,176.1999789692588,0
14.75,75.8088816120076,176.3033469262714,0
15.0,76.00873736660976,176.45353906106013,0
15.25,76.20859312121193,176.60373119584887,0
15.5,76.4084488758141,176.7539233306376,0
15.75,76.60830463041627,176.90411546542634,0
16.0,76.81213081435101,177.04887349367556,0
16.25,77.01595699828574,177.19363152192477,0
16.5,77.21978318222048,177.33838955017399,0
16.75,77.42360936615522,177.4831475784232,0
17.0,77.59640747781019,177.66381526399115,0
17.25,77.76920558946516,177.8444829495591,0
17.5,77.94200370112013,178.02515063512706,0
17.75,78.1148018127751,178.20581832069502,0
18.0,78.25488987378891,178.412881922425,0
18.25,78.39497793480272,178.61994552415496,0
18.5,78.53506599581654,178.82700912588493,0
18.75,78.67515405683035,179.0340727276149,0
19.0,78.80906061257667,179.24518652235167,0
19.25,78.942967168323,179.45630031708845,0
19.5,79.07687372406932,179.66741411182522,0
19.75,79.21078027981564,179.878527906562,0
20.0,79.36856730065695,180.07244349658515,0
20.25,79.52635432149826,180.2663590866083,0
20.5,79.68414134233957,180.46027467663146,0
20.75,79.84192836318088,180.6541902666546,0
21.0,79.96053278172174,180.87426523547794,0
21.25,80.0791372002626,181.09434020430126,0
21.5,80.19774161880345,181.3144151731246,0
21.75,80.3163460373443,181.5344901419479,0
22.0,80.37927938273059,181.7764392978433,0
22.25,80.44221272811687,182.01838845373868,0
22.5,80.50514607350316,182.26033760963406,0
22.75,80.56807941888944,182.50228676552945,0
23.0,80.57431716493043,182.75220893446274,0
23.25,80.58055491097143,183.00213110339604,0
23.5,80.58679265701242,183.25205327232933,0
23.75,80.59303040305342,183.50197544126263,0
24.0,80.65880211156754,183.7431684808785,0
24.25,80.72457382008166,183.98436152049436,0
24.5,80.79034552859578,184.22555456011023,0
24.75,80.8561172371099,184.4667475997261,0
25.0,80.87497256919072,184.71603553856815,0
25.25,80.89382790127154,184.9653234774102,0
25.5,80.91268323335235,185.21461141625227,0
25.75,80.93153856543317,185.46389935509433,0
26.0,80.94514806452206,185.71352864330896,0
26.25,80.95875756361094,185.9631579315236,0
26.5,80.97236706269983,186.21278721973823,0
26.75,80.98597656178872,186.46241650795287,0
27.0,81.00010166159512,186.71201715209358,0
27.25,81.01422676140153,186.9616177962343,0
27.5,81.02835186120794,187.211218440375,0
27.75,81.04247696101434,187.46081908451572,0
28.0,81.0401645535318,187.71080838983025,0
28.25,81.03785214604925,187.96079769514478,0
28.5,81.0355397385667,188.2107870004593,0
28.75,81.03322733108415,188.46077630577383,0
29.0,81.03885945359478,188.71071285611416,0
29.25,81.04449157610541,188.96064940645448,0
29.5,81.05012369861605,189.2105859567948,0
29.75,81.05575582112668,189.46052250713512,0
30.0,81.07162770929052,189.71001816474487,0
30.25,81.08749959745437,189.9595138223546,0
30.5,81.10337148561821,190.20900947996435,0
30.75,81.11924337378206,190.4585051375741,0
31.0,81.1640561499293,190.70445597634878,0
31.25,81.20886892607653,190.95040681512347,0
31.5,81.25368170222377,191.19635765389816,0
31.75,81.29849447837101,191.44230849267285,0
32.0,81.30028471492786,191.6923020826968,0
32.25,81.3020749514847,191.94229567272077,0
32.5,81.30386518804154,192.19228926274474,0
32.75,81.30565542459838,192.4422828527687,0
33.0,81.32814183427419,192.69126952184936,0
33.25,81.35062824395,192.94025619093003,0
33.5,81.3731146536258,193.1892428600107,0
33.75,81.39560106330161,193.43822952909136,0
34.0,81.46624449646923,193.6780409244634,0
34.25,81.53688792963685,193.91785231983545,0
34.5,81.60753136280447,194.1576637152075,0
34.75,81.67817479597208,194.39747511057953,0
35.0,81.6992785117289,194.6465827844502,0
35.25,81.72038222748573,194.89569045832087,0
35.5,81.74148594324255,195.14479813219154,0
35.75,81.76258965899937,195.3939058060622,0
36.0,81.79620783476089,195.64163513064545,0
36.25,81.82982601052241,195.8893644552287,0
36.5,81.86344418628393,196.13709377981195,0
36.75,81.89706236204545,196.3848231043952,0
37.0,81.9253463514215,196.6332179834587,0
37.25,81.95363034079755,196.88161286252222,0
37.5,81.9819143301736,197.13000774158573,0
37.75,82.01019831954964,197.37840262064924,0
38.0,82.0031404146249,197.62830297274598,0
38.25,81.99608250970014,197.87820332484273,0
38.5,81.9890246047754,198.12810367693947,0
38.75,81.98196669985064,198.37800402903622,0
39.0,82.01992468680449,198.62510560982116,0
39.25,82.05788267375833,198.8722071906061,0
39.5,82.09584066071217,199.11930877139105,0
39.75,82.13379864766601,199.366410352176,0
40.0,82.22737216149062,199.5982378689002,0
40.25,82.32094567531523,199.83006538562444,0
40.5,82.41451918913984,200.06189290234866,0
40.75,82.50809270296445,200.29372041907288,0
41.0,82.58977017705544,200.53000158680769,0
41.25,82.67144765114644,200.7662827545425,0
41.5,82.75312512523743,201.0025639222773,0
41.75,82.83480259932843,201.2388450900121,0
42.0,82.90560664879217,201.47860911270843,0
42.25,82.97641069825592,201.71837313540476,0
42.5,83.04721474771966,201.9581371581011,0
42.75,83.11801879718341,202.19790118079743,0
43.0,83.1961154610805,202.43538994071702,0
43.25,83.27421212497758,202.6728787006366,0
43.5,83.35230878887467,202.9103674605562,0
43.75,83.43040545277175,203.14785622047577,0
44.0,83.47345167670505,203.3941223825953,0
44.25,83.51649790063836,203.64038854471482,0
44.5,83.55954412457166,203.88665470683435,0
44.75,83.60259034850496,204.13292086895387,0
45.0,83.63475038456043,204.38084370388626,0
45.25,83.6669104206159,204.62876653881864,0
45.5,83.69907045667138,204.87668937375102,0
45.75,83.73123049272685,205.1246122086834,0
46.0,83.77349814237316,205.37101319446344,0
46.25,83.81576579201946,205.6174141802435,0
46.5,83.85803344166577,205.86381516602353,0
46.75,83.90030109131207,206.11021615180357,0
47.0,83.93961785460796,206.3571051797573,0
47.25,83.97893461790385,206.60399420771103,0
47.5,84.01825138119973,206.85088323566475,0
47.75,84.05756814449562,207.09777226361848,0
48.0,84.04629596200655,207.3475180101327,0
48.25,84.03502377951749,207.5972637566469,0
48.5,84.02375159702842,207.8470095031611,0
48.75,84.01247941453936,208.0967552496753,0
49.0,84.04270512883613,208.34492133558402,0
49.25,84.07293084313291,208.59308742149273,0
49.5,84.10315655742968,208.84125350740143,0
49.75,84.13338227172646,209.08941959331014,0
50.0,84.22157964495881,209.32334527243688,0
50.25,84.30977701819116,209.55727095156362,0
50.5,84.3979743914235,209.79119663069037,0
50.75,84.48617176465585,210.0251223098171,0
51.0,84.59881407658013,210.24830768022557,0
51.25,84.7114563885044,210.47149305063402,0
51.5,84.82409870042868,210.69467842104248,0
51.75,84.93674101235295,210.91786379145094,0
52.0,85.0080133336325,211.1574890326494,0
52.25,85.07928565491206,211.39711427384788,0
52.5,85.1505579761916,211.63673951504634,0
52.75,85.22183029747116,211.8763647562448,0
53.0,85.24758488222865,212.1250346204503,0
53.25,85.27333946698614,212.37370448465578,0
53.5,85.29909405174364,212.62237434886126,0
53.75,85.32484863650113,212.87104421306674,0
54.0,85.39096118101226,213.1121440501846,0
54.25,85.45707372552339,213.35324388730248,0
54.5,85.52318627003451,213.59434372442036,0
54.75,85.58929881454564,213.83544356153823,0
55.0,85.6795431666521,214.06858720162495,0
55.25,85.76978751875855,214.30173084171167,0
55.5,85.860031870865,214.5348744817984,0
55.75,85.95027622297145,214.76801812188512,0
56.0,86.01476518172672,215.00955729924289,0
56.25,86.07925414048198,215.25109647660065,0
56.5,86.14374309923724,215.49263565395842,0
56.75,86.2082320579925,215.73417483131618,0
57.0,86.26743344534673,215.97706409772238,0
57.25,86.32663483270095,216.21995336412857,0
57.5,86.38583622005517,216.46284263053477,0
57.75,86.44503760740939,216.70573189694096,0
58.0,86.54835839452491,216.93338253926342,0
58.25,86.65167918164043,217.16103318158588,0
58.5,86.75499996875595,217.38868382390834,0
58.75,86.85832075587147,217.6163344662308,0
59.0,87.00203154633641,217.82090036931325,0
59.25,87.14574233680135,218.0254662723957,0
59.5,87.28945312726628,218.23003217547816,0
59.75,87.43316391773122,218.4345980785606,0
60.0,87.57929166369487,218.63744452753022,0
60.25,87.72541940965853,218.84029097649983,0
60.5,87.87154715562218,219.04313742546944,0
60.75,88.01767490158583,219.24598387443905,0
61.0,88.1948291414181,219.42238221714513,0
61.25,88.37198338125036,219.5987805598512,0
61.5,88.54913762108262,219.7751789025573,0
61.75,88.72629186091488,219.95157724526337,0
62.0,88.87794866837886,220.15032384963646,0
62.25,89.02960547584284,220.34907045400956,0
62.5,89.18126228330682,220.54781705838266,0
62.75,89.3329190907708,220.74656366275576,0
63.0,89.46285989743593,220.96014125231798,0
63.25,89.59280070410107,221.1737188418802,0
63.5,89.7227415107662,221.38729643144242,0
63.75,89.85268231743133,221.60087402100464,0
64.0,89.9467410676222,221.83250508868022,0
64.25,90.04079981781307,222.0641361563558,0
64.5,90.13485856800393,222.29576722403138,0
64.75,90.2289173181948,222.52739829170696,0
65.0,90.29439874725531,222.76867030095832,0
65.25,90.35988017631583,223.00994231020968,0
65.5,90.42536160537634,223.25121431946104,0
65.75,90.49084303443685,223.4924863287124,0
66.0,90.55148214325266,223.73502065305027,0
66.25,90.61212125206846,223.97755497738814,0
66.5,90.67276036088427,224.220089301726,0
66.75,90.73339946970007,224.46262362606387,0
67.0,90.74856029332443,224.71216350148867,0
67.25,90.76372111694879,224.96170337691348,0
67.5,90.77888194057314,225.21124325233828,0
67.75,90.7940427641975,225.46078312776308,0
68.0,90.81687068730518,225.7097387180329,0
68.25,90.83969861041287,225.9586943083027,0
68.5,90.86252653352055,226.20764989857253,0
68.75,90.88535445662824,226.45660548884234,0
69.0,90.9340666367538,226.7018138155921,0
69.25,90.98277881687936,226.94702214234184,0
69.5,91.03149099700492,227.19223046909158,0
69.75,91.08020317713049,227.43743879584133,0
70.0,91.17817734906805,227.6674411037279,0
70.25,91.27615152100562,227.89744341161446,0
70.5,91.37412569294318,228.12744571950103,0
70.75,91.47209986488075,228.3574480273876,0
71.0,91.57661926868576,228.584550854821,0
71.25,91.68113867249077,228.81165368225442,0
71.5,91.78565807629579,229.03875650968783,0
71.75,91.8901774801008,229.26585933712124,0
72.0,91.95419857187875,229.50752294589915,0
72.25,92.0182196636567,229.74918655467707,0
72.5,92.08224075543464,229.99085016345498,0
72.75,92.14626184721259,230.2325137722329,0
73.0,92.20051531318397,230.4765559026737,0
73.25,92.25476877915536,230.72059803311453,0
73.5,92.30902224512674,230.96464016355534,0
73.75,92.36327571109813,231.20868229399616,0
74.0,92.37951613763148,231.45815423339218,0
74.25,92.39575656416484,231.7076261727882,0
74.5,92.4119969906982,231.9570981121842,0
74.75,92.42823741723156,232.20657005158023,0
75.0,92.40235441643692,232.45522658230055,0
75.25,92.37647141564229,232.70388311302088,0
75.5,92.35058841484765,232.9525396437412,0
75.75,92.32470541405301,233.20119617446153,0
76.0,92.28732905553977,233.44838640045012,0
76.25,92.24995269702653,233.6955766264387,0
76.5,92.21257633851329,233.9427668524273,0
76.75,92.17519998000004,234.1899570784159,0
77.0,92.09738949519902,234.42753975550963,0
77.25,92.019579010398,234.66512243260337,0
77.5,91.94176852559698,234.9027051096971,0
77.75,91.86395804079596,235.14028778679085,0
78.0,91.82363130833755,235.3870138588814,0
78.25,91.78330457587914,235.63373993097196,0
78.5,91.74297784342073,235.8804660030625,0
78.75,91.70265111096232,236.12719207515306,0
79.0,91.66167397637707,236.3738109601582,0
79.25,91.62069684179183,236.62042984516336,0
79.5,91.57971970720658,236.8670487301685,0
79.75,91.53874257262133,237.11366761517365,0
80.0,91.48591164349038,237.3580216471174,0
80.25,91.43308071435943,237.60237567906114,0
80.5,91.38024978522849,237.84672971100488,0
80.75,91.32741885609754,238.09108374294863,0
81.0,91.28044727131302,238.3366314373439,0
81.25,91.23347568652851,238.58217913173917,0
81.5,91.18650410174399,238.82772682613444,0
81.75,91.13953251695948,239.0732745205297,0
82.0,91.14993870262619,239.32305784923656,0
82.25,91.1603448882929,239.57284117794342,0
82.5,91.17075107395961,239.82262450665027,0
82.75,91.18115725962632,240.07240783535713,0
83.0,91.24644519434551,240.31373227585186,0
83.25,91.3117331290647,240.5550567163466,0
83.5,91.3770210637839,240.79638115684133,0
83.75,91.4423089985031,241.03770559733607,0
84.0,91.49554676680816,241.28197131336248,0
84.25,91.54878453511323,241.52623702938888,0
84.5,91.6020223034183,241.77050274541529,0
84.75,91.65526007172336,242.0147684614417,0
85.0,91.65877073837656,242.26474381066566,0
85.25,91.66228140502976,242.51471915988964,0
85.5,91.66579207168296,242.7646945091136,0
85.75,91.66930273833616,243.01466985833758,0
86.0,91.63561943362687,243.26239033585986,0
86.25,91.60193612891759,243.51011081338214,0
86.5,91.5682528242083,243.75783129090442,0
86.75,91.53456951949902,244.0055517684267,0
87.0,91.45335915265953,244.24199388886592,0
87.25,91.37214878582004,244.47843600930514,0
87.5,91.29093841898056,244.71487812974436,0
87.75,91.20972805214107,244.95132025018358,0
88.0,91.10111235390788,245.17649269542792,0
88.25,90.99249665567469,245.40166514067226,0
88.5,90.88388095744149,245.6268375859166,0
88.75,90.7752652592083,245.85201003116094,0
89.0,90.62638044178317,246.05284158032663,0
89.25,90.47749562435804,246.2536731294923,0
89.5,90.32861080693291,246.454504678658,0
89.75,90.17972598950779,246.65533622782368,0
90.0,89.99012832848825,246.81828630280347,0
90.25,89.80053066746872,246.98123637778326,0
90.5,89.61093300644919,247.14418645276305,0
90.75,89.42133534542965,247.30713652774284,0
91.0,89.20537798401786,247.43308261959191,0
91.25,88.98942062260606,247.559028711441,0
91.5,88.77346326119427,247.68497480329006,0
91.75,88.55750589978247,247.81092089513913,0
92.0,88.36834872100094,247.97438208844022,0
92.25,88.17919154221941,248.1378432817413,0
92.5,87.99003436343789,248.3013044750424,0
92.75,87.80087718465636,248.4647656683435,0
93.0,87.60771394667897,248.62347283104918,0
93.25,87.41455070870158,248.78217999375488,0
93.5,87.2213874707242,248.94088715646058,0
93.75,87.02822423274681,249.09959431916627,0
94.0,86.80714722140695,249.2163203019509,0
94.25,86.58607021006709,249.33304628473553,0
94.5,86.36499319872723,249.44977226752016,0
94.75,86.14391618738738,249.5664982503048,0
95.0,85.95474065194792,249.72993819888285,0
95.25,85.76556511650845,249.8933781474609,0
95.5,85.576389581069,250.05681809603897,0
95.75,85.38721404562953,250.22025804461703,0
96.0,85.18656871552082,250.36939372614754,0
96.25,84.98592338541211,250.51852940767805,0
96.5,84.7852780553034,250.66766508920855,0
96.75,84.58463272519468,250.81680077073906,0
97.0,84.40281403526555,250.9883873785861,0
97.25,84.22099534533642,251.15997398643316,0
97.5,84.03917665540729,251.3315605942802,0
97.75,83.85735796547816,251.50314720212725,0
98.0,83.6589767936891,251.65528171721044,0
98.25,83.46059562190005,251.80741623229363,0
98.5,83.262214450111,251.95955074737682,0
98.75,83.06383327832195,252.11168526246,0
99.0,82.84357668052131,252.2299520419261,0
99.25,82.62332008272067,252.3482188213922,0
99.5,82.40306348492003,252.4664856008583,0
99.75,82.18280688711938,252.5847523803244,0
100.0,81.96228434991336,252.70252254031502,0
100.25,81.74176181270734,252.82029270030563,0
100.5,81.52123927550132,252.93806286029624,0
100.75,81.30071673829529,253.05583302028685,0
101.0,81.09844829773692,253.20275979781255,0
101.25,80.89617985717855,253.34968657533824,0
101.5,80.69391141662018,253.49661335286393,0
101.75,80.49164297606181,253.64354013038962,0
102.0,80.27453326540467,253.7674892067814,0
102.25,80.05742355474753,253.89143828317316,0
102.5,79.84031384409039,254.01538735956493,0
102.75,79.62320413343325,254.1393364359567,0
103.0,79.38718921568083,254.22178010520014,0
103.25,79.15117429792842,254.30422377444359,0
103.5,78.91515938017601,254.38666744368703,0
103.75,78.6791444624236,254.46911111293048,0
104.0,78.45198684476152,254.57351138466427,0
104.25,78.22482922709945,254.67791165639807,0
104.5,77.99767160943738,254.78231192813186,0
104.75,77.7705139917753,254.88671219986566,0
105.0,77.54607777584097,254.99684114690993,0
105.25,77.32164155990664,255.1069700939542,0
105.5,77.0972053439723,255.21709904099848,0
105.75,76.87276912803797,255.32722798804275,0
106.0,76.66446702085886,255.46546775129755,0
106.25,76.45616491367976,255.60370751455235,0
106.5,76.24786280650065,255.74194727780716,0
106.75,76.03956069932154,255.88018704106196,0
107.0,75.8523728862056,256.0458998125097,0
107.25,75.66518507308966,256.2116125839574,0
107.5,75.47799725997372,256.3773253554051,0
107.75,75.29080944685778,256.5430381268528,0
108.0,75.0952241381455,256.6987506408519,0
108.25,74.89963882943321,256.85446315485103,0
108.5,74.70405352072093,257.01017566885014,0
108.75,74.50846821200865,257.16588818284924,0
109.0,74.33601579315643,257.34688587132075,0
109.25,74.16356337430422,257.52788355979226,0
109.5,73.991110955452,257.70888124826376,0
109.75,73.81865853659978,257.8898789367353,0
110.0,73.63419133856631,258.05861498163875,0
110.25,73.44972414053284,258.22735102654224,0
110.5,73.26525694249936,258.3960870714457,0
110.75,73.08078974446589,258.5648231163492,0
111.0,72.8735141932788,258.70459738393834,0
111.25,72.6662386420917,258.84437165152747,0
111.5,72.4589630909046,258.9841459191166,0
111.75,72.25168753971751,259.12392018670573,0
112.0,72.08057772112036,259.3061876549486,0
112.25,71.90946790252322,259.48845512319144,0
112.5,71.73835808392607,259.6707225914343,0
112.75,71.56724826532893,259.85299005967715,0
113.0,71.3986216521253,260.03755729761355,0
113.25,71.22999503892167,260.22212453554994,0
113.5,71.06136842571804,260.40669177348633,0
113.75,70.89274181251442,260.5912590114227,0
114.0,70.70818117448572,260.7598928481532,0
114.25,70.52362053645702,260.92852668488365,0
114.5,70.33905989842832,261.0971605216141,0
114.75,70.15449926039962,261.2657943583446,0
115.0,69.98068104462511,261.44548082935717,0
115.25,69.80686282885061,261.62516730036975,0
115.5,69.63304461307611,261.80485377138234,0
115.75,69.4592263973016,261.9845402423949,0
116.0,69.26420447051876,262.1409577864043,0
116.25,69.06918254373592,262.2973753304136,0
116.5,68.87416061695308,262.45379287442296,0
116.75,68.67913869017023,262.6102104184323,0
117.0,68.45288380754302,262.7165529221048,0
117.25,68.2266289249158,262.82289542577735,0
117.5,68.00037404228858,262.92923792944987,0
117.75,67.77411915966137,263.0355804331224,0
118.0,67.56133680227182,263.1668194074545,0
118.25,67.34855444488228,263.29805838178663,0
118.5,67.13577208749274,263.42929735611875,0
118.75,66.9229897301032,263.5605363304509,0
119.0,66.74205566384124,263.73305549943194,0
119.25,66.56112159757929,263.905574668413,0
119.5,66.38018753131733,264.0780938373941,0
119.75,66.19925346505538,264.25061300637515,0
120.0,65.99587113458072,264.3959939805454,0
120.25,65.79248880410607,264.5413749547157,0
120.5,65.58910647363142,264.686755928886,0
120.75,65.38572414315676,264.83213690305627,0
121.0,65.19802990520839,264.9972758537644,0
121.25,65.01033566726001,265.1624148044725,0
121.5,64.82264142931163,265.32755375518065,0
121.75,64.63494719136325,265.49269270588877,0
122.0,64.46336989439713,265.67452018226624,0
122.25,64.29179259743101,265.8563476586437,0
122.5,64.12021530046489,266.03817513502116,0
122.75,63.94863800349878,266.2200026113986,0
123.0,63.772630620318814,266.3975452853284,0
123.25,63.59662323713885,266.5750879592582,0
123.5,63.420615853958886,266.752630633188,0
123.75,63.24460847077892,266.9301733071178,0
124.0,63.03834497880936,267.07143679100705,0
124.25,62.832081486839805,267.2127002748963,0
124.5,62.625817994870246,267.35396375878554,0
124.75,62.41955450290069,267.4952272426748,0
125.0,62.1933755072708,267.601731054512,0
125.25,61.967196511640914,267.70823486634924,0
125.5,61.74101751601103,267.8147386781865,0
125.75,61.51483852038114,267.9212424900237,0
126.0,61.27895674673012,268.0040663323594,0
126.25,61.043074973079094,268.0868901746951,0
126.5,60.80719319942807,268.1697140170308,0
126.75,60.57131142577705,268.2525378593665,0
127.0,60.3249832075854,268.29522754105335,0
127.25,60.07865498939375,268.3379172227402,0
127.5,59.8323267712021,268.38060690442705,0
127.75,59.58599855301045,268.4232965861139,0
128.0,59.33600727774188,268.4253851956019,0
128.25,59.08601600247331,268.4274738050899,0
128.5,58.83602472720474,268.4295624145779,0
128.75,58.58603345193617,268.4316510240659,0
129.0,58.336114684550445,268.42527844935864,0
129.25,58.08619591716472,268.4189058746514,0
129.5,57.836277149779,268.41253329994413,0
129.75,57.58635838239328,268.4061607252369,0
130.0,57.339492660390164,268.3666978908242,0
130.25,57.09262693838705,268.3272350564115,0
130.5,56.845761216383934,268.2877722219988,0
130.75,56.59889549438082,268.2483093875861,0
131.0,56.354948809258396,268.1936283596351,0
131.25,56.11100212413597,268.1389473316841,0
131.5,55.86705543901355,268.0842663037331,0
131.75,55.623108753891124,268.0295852757821,0
132.0,55.3788092771199,267.9765026453904,0
132.25,55.134509800348674,267.92342001499867,0
132.5,54.89021032357745,267.87033738460696,0
132.75,54.645910846806224,267.81725475421524,0
133.0,54.397650219547685,267.7878156483661,0
133.25,54.14938959228915,267.758376542517,0
133.5,53.90112896503061,267.7289374366679,0
133.75,53.65286833777207,267.69949833081876,0
134.0,53.40292046177853,267.69439350111384,0
134.25,53.15297258578499,267.6892886714089,0
134.5,52.903024709791445,267.684183841704,0
134.75,52.653076833797904,267.6790790119991,0
135.0,52.40370297889173,267.66139623819987,0
135.25,52.154329123985555,267.64371346440066,0
135.5,51.90495526907938,267.62603069060145,0
135.75,51.655581414173206,267.60834791680224,0
136.0,51.40983489512366,267.5624278952971,0
136.25,51.16408837607411,267.51650787379197,0
136.5,50.918341857024565,267.4705878522868,0
136.75,50.67259533797502,267.4246678307817,0
137.0,50.44159155067014,267.32907886567165,0
137.25,50.21058776336526,267.2334899005616,0
137.5,49.97958397606038,267.13790093545157,0
137.75,49.748580188755504,267.04231197034153,0
138.0,49.50151419121782,267.0041230601619,0
138.25,49.25444819368014,266.9659341499822,0
138.5,49.00738219614246,266.92774523980256,0
138.75,48.76031619860478,266.8895563296229,0
139.0,48.52185261933941,266.81448888418913,0
139.25,48.28338904007405,266.73942143875536,0
139.5,48.044925460808685,266.6643539933216,0
139.75,47.80646188154332,266.5892865478878,0
140.0,47.56677106357133,266.51823507513797,0
140.25,47.32708024559934,266.4471836023881,0
140.5,47.08738942762735,266.3761321296383,0
140.75,46.84769860965536,266.30508065688844,0
141.0,46.61075752765168,266.2253377972775,0
141.25,46.373816445647996,266.1455949376666,0
141.5,46.136875363644315,266.0658520780557,0
141.75,45.89993428164063,265.98610921844477,0
142.0,45.655197497355445,265.93508073210876,0
142.25,45.41046071307026,265.88405224577275,0
142.5,45.16572392878507,265.83302375943674,0
142.75,44.92098714449988,265.78199527310073,0
143.0,44.671054121364,265.77620874165615,0
143.25,44.42112109822812,265.77042221021156,0
143.5,44.17118807509224,265.764635678767,0
143.75,43.92125505195636,265.7588491473224,0
144.0,43.67257708262359,265.7331729410502,0
144.25,43.42389911329082,265.70749673477803,0
144.5,43.175221143958055,265.68182052850585,0
144.75,42.92654317462529,265.6561443222337,0
145.0,42.6765510284634,265.6581259522129,0
145.25,42.426558882301514,265.66010758219215,0
145.5,42.17656673613963,265.6620892121714,0
145.75,41.92657458997774,265.66407084215064,0
146.0,41.67703854472459,265.6488471067544,0
146.25,41.42750249947144,265.6336233713581,0
146.5,41.177966454218286,265.61839963596185,0
146.75,40.928430408965134,265.6031759005656,0
147.0,40.68475857332824,265.5472828194433,0
147.25,40.44108673769134,265.491389738321,0
147.5,40.19741490205445,265.4354966571987,0
147.75,39.95374306641755,265.3796035760764,0
148.0,39.725248154859905,265.2781635672423,0
148.25,39.49675324330226,265.1767235584082,0
148.5,39.26825833174461,265.07528354957407,0
148.75,39.039763420186965,264.97384354073995,0
149.0,38.84146576845728,264.82160017859076,0
149.25,38.6431681167276,264.66935681644156,0
149.5,38.44487046499792,264.51711345429237,0
149.75,38.24657281326824,264.3648700921432,0
150.0,38.028932900617036,264.24185436785893,0
150.25,37.811292987965835,264.1188386435747,0
150.5,37.593653075314634,263.99582291929045,0
150.75,37.37601316266343,263.8728071950062,0
151.0,37.1446659217793,263.77805248992354,0
151.25,36.913318680895166,263.6832977848409,0
151.5,36.68197144001103,263.5885430797582,0
151.75,36.4506241991269,263.49378837467555,0
152.0,36.23096968051666,263.3744070844576,0
152.25,36.01131516190642,263.2550257942396,0
152.5,35.791660643296176,263.1356445040216,0
152.75,35.572006124685934,263.01626321380365,0
153.0,35.33735881730493,262.93000406275956,0
153.25,35.10271150992393,262.8437449117155,0
153.5,34.868064202542925,262.7574857606714,0
153.75,34.63341689516192,262.6712266096273,0
154.0,34.407790619409106,262.56355681957496,0
154.25,34.18216434365629,262.4558870295226,0
154.5,33.95653806790347,262.3482172394703,0
154.75,33.73091179215066,262.24054744941793,0
155.0,33.52373330042785,262.10062935706577,0
155.25,33.31655480870504,261.9607112647136,0
155.5,33.109376316982235,261.82079317236145,0
155.75,32.90219782525943,261.6808750800093,0
156.0,32.686448832098364,261.55457238031534,0
156.25,32.4706998389373,261.4282696806214,0
156.5,32.254950845776236,261.30196698092743,0
156.75,32.03920185261517,261.1756642812335,0
157.0,31.85569439920214,261.0058849699442,0
157.25,31.672186945789107,260.8361056586549,0
157.5,31.488679492376075,260.6663263473656,0
157.75,31.305172038963043,260.4965470360763,0
158.0,31.137184416107345,260.31139801888395,0
158.25,30.969196793251648,260.1262490016916,0
158.5,30.80120917039595,259.9410999844992,0
158.75,30.633221547540252,259.75595096730683,0
159.0,30.441545396656,259.59545095739344,0
159.25,30.249869245771748,259.43495094748005,0
159.5,30.058193094887496,259.27445093756666,0
159.75,29.866516944003244,259.11395092765326,0
160.0,29.68147258000791,258.9458480325159,0
160.25,29.496428216012575,258.7777451373786,0
160.5,29.31138385201724,258.60964224224125,0
160.75,29.126339488021905,258.4415393471039,0
161.0,28.93667092497704,258.2786718052409,0
161.25,28.747002361932175,258.11580426337787,0
161.5,28.55733379888731,257.95293672151485,0
161.75,28.367665235842445,257.7900691796518,0
162.0,28.145278747903607,257.6758577529808,0
162.25,27.92289225996477,257.56164632630976,0
162.5,27.70050577202593,257.4474348996387,0
162.75,27.478119284087093,257.3332234729677,0
163.0,27.271434851128227,257.19257659183455,0
163.25,27.06475041816936,257.0519297107014,0
163.5,26.858065985210494,256.9112828295683,0
163.75,26.651381552251628,256.77063594843514,0
164.0,26.429577017885677,256.6552984066948,0
164.25,26.207772483519726,256.5399608649544,0
164.5,25.985967949153775,256.42462332321406,0
164.75,25.764163414787824,256.3092857814737,0
165.0,25.547745243038335,256.18413317488233,0
165.25,25.331327071288847,256.05898056829096,0
165.5,25.11490889953936,255.93382796169962,0
165.75,24.89849072778987,255.80867535510828,0
166.0,24.688650083094064,255.67278236841048,0
166.25,24.478809438398258,255.53688938171268,0
166.5,24.268968793702452,255.4009963950149,0
166.75,24.059128149006646,255.2651034083171,0
167.0,23.837690968051472,255.14906214457602,0
167.25,23.616253787096298,255.03302088083495,0
167.5,23.394816606141124,254.9169796170939,0
167.75,23.17337942518595,254.80093835335282,0
168.0,22.93188287253636,254.7362899577164,0
168.25,22.69038631988677,254.67164156207997,0
168.5,22.44888976723718,254.60699316644354,0
168.75,22.20739321458759,254.54234477080712,0
169.0,21.957482109128737,254.5356784848597,0
169.25,21.707571003669884,254.52901219891226,0
169.5,21.45765989821103,254.52234591296482,0
169.75,21.207748792752177,254.5156796270174,0
170.0,20.961246699266784,254.55735357460242,0
170.25,20.71474460578139,254.59902752218744,0
170.5,20.468242512295998,254.64070146977247,0
170.75,20.221740418810604,254.6823754173575,0
171.0,19.97675369935778,254.73219014702394,0
171.25,19.731766979904954,254.7820048766904,0
171.5,19.48678026045213,254.83181960635685,0
171.75,19.241793540999304,254.8816343360233,0
172.0,19.00313577734846,254.9560821153668,0
172.25,18.76447801369762,255.0305298947103,0
172.5,18.525820250046777,255.1049776740538,0
172.75,18.287162486395935,255.1794254533973,0
173.0,18.040124571105405,255.21779560336975,0
173.25,17.793086655814875,255.2561657533422,0
173.5,17.546048740524345,255.29453590331465,0
173.75,17.299010825233815,255.3329060532871,0
174.0,17.060019355226462,255.40627551058185,0
174.25,16.82102788521911,255.4796449678766,0
174.5,16.582036415211757,255.55301442517134,0
174.75,16.343044945204404,255.6263838824661,0
175.0,16.112845888160223,255.72389487741523,0
175.25,15.882646831116043,255.82140587236438,0
175.5,15.652447774071863,255.91891686731353,0
175.75,15.422248717027683,256.0164278622627,0
176.0,15.221935963967224,256.16600994996486,0
176.25,15.021623210906766,256.31559203766705,0
176.5,14.821310457846307,256.46517412536923,0
176.75,14.620997704785848,256.6147562130714,0
177.0,14.40807885692058,256.7457736326145,0
177.25,14.195160009055312,256.87679105215756,0
177.5,13.982241161190045,257.0078084717006,0
177.75,13.769322313324777,257.1388258912437,0
178.0,13.563972048970161,257.2814136499381,0
178.25,13.358621784615545,257.4240014086325,0
178.5,13.15327152026093,257.56658916732687,0
178.75,12.947921255906314,257.70917692602126,0
179.0,12.76672184149881,257.88141737486643,0
179.25,12.585522427091307,258.0536578237116,0
179.5,12.404323012683804,258.2258982725568,0
179.75,12.2231235982763,258.39813872140195,0
180.0,12.080777156528484,258.6036563374881,0
180.25,11.938430714780667,258.8091739535742,0
180.5,11.79608427303285,259.01469156966033,0
180.75,11.653737831285033,259.22020918574646,0
181.0,11.51946766044236,259.43109190486274,0
181.25,11.385197489599687,259.641974623979,0
181.5,11.250927318757014,259.8528573430953,0
181.75,11.116657147914342,260.0637400622116,0
182.0,10.947476459623857,260.24779954908894,0
182.25,10.778295771333372,260.4318590359663,0
182.5,10.609115083042887,260.61591852284363,0
182.75,10.439934394752402,260.799978009721,0
183.0,10.28121202694033,260.9931287538462,0
183.25,10.12248965912826,261.1862794979714,0
183.5,9.963767291316188,261.3794302420966,0
183.75,9.805044923504116,261.5725809862218,0
184.0,9.661758905174567,261.77744464076125,0
184.25,9.518472886845018,261.9823082953007,0
184.5,9.375186868515469,262.18717194984015,0
184.75,9.23190085018592,262.3920356043796,0
185.0,9.133699654587048,262.62194107448187,0
185.25,9.035498458988176,262.85184654458413,0
185.5,8.937297263389304,263.0817520146864,0
185.75,8.839096067790432,263.31165748478867,0
186.0,8.746607539228751,263.5439199916306,0
186.25,8.65411901066707,263.77618249847256,0
186.5,8.56163048210539,264.0084450053145,0
186.75,8.469141953543708,264.24070751215646,0
187.0,8.35601278261002,264.46364649637377,0
187.25,8.24288361167633,264.6865854805911,0
187.5,8.12975444074264,264.9095244648084,0
187.75,8.016625269808952,265.1324634490257,0
188.0,7.900094645655327,265.35364349702814,0
188.25,7.783564021501702,265.5748235450306,0
188.5,7.667033397348077,265.79600359303305,0
188.75,7.550502773194452,266.0171836410355,0
189.0,7.4341783246411985,266.2384721917307,0
189.25,7.317853876087945,266.4597607424259,0
189.5,7.201529427534691,266.6810492931211,0
189.75,7.085204978981437,266.90233784381627,0
190.0,6.923672103888806,267.0931443695545,0
190.25,6.762139228796174,267.2839508952928,0
190.5,6.600606353703543,267.47475742103103,0
190.75,6.439073478610911,267.6655639467693,0
191.0,6.303019174576957,267.8753000341597,0
191.25,6.166964870543003,268.0850361215501,0
191.5,6.030910566509049,268.2947722089405,0
191.75,5.894856262475095,268.5045082963309,0
192.0,5.739316902817986,268.70023133431437,0
192.25,5.583777543160878,268.8959543722978,0
192.5,5.428238183503769,269.09167741028125,0
192.75,5.27269882384666,269.2874004482647,0
193.0,5.123261099816424,269.48782092285916,0
193.25,4.973823375786187,269.6882413974536,0
193.5,4.824385651755951,269.8886618720481,0
193.75,4.674947927725714,270.08908234664256,0
194.0,4.505827079705531,270.2731968185478,0
194.25,4.336706231685348,270.457311290453,0
194.5,4.167585383665164,270.6414257623582,0
194.75,3.998464535644981,270.8255402342634,0
195.0,3.814449509501785,270.99476928068725,0
195.25,3.630434483358589,271.1639983271111,0
195.5,3.446419457215393,271.3332273735349,0
195.75,3.2624044310721967,271.5024564199587,0
196.0,3.045469637274948,271.62671138058465,0
196.25,2.8285348434776996,271.7509663412106,0
196.5,2.611600049680451,271.8752213018365,0
196.75,2.3946652558832024,271.99947626246245,0
197.0,2.164679775212545,272.0974899282478,0
197.25,1.9346942945418872,272.19550359403314,0
197.5,1.7047088138712296,272.2935172598185,0
197.75,1.474723333200572,272.39153092560383,0
198.0,1.2406175783144413,272.4792491992371,0
198.25,1.0065118234283106,272.5669674728703,0
198.5,0.7724060685421799,272.65468574650356,0
198.75,0.5383003136560491,272.7424040201368,0
199.0,0.30513241029446647,272.8325856637344,0
199.25,0.07196450693288384,272.922767307332,0
199.5,0.3022125804942166,272.82537210918906,0
199.75,0.5324606540555494,272.72797691104614,0
200.0,0.761595969165185,272.6279918753178,0
200.25,0.9907312842748206,272.5280068395894,0
200.5,1.2198665993844562,272.42802180386104,0
200.75,1.4490019144940918,272.3280367681327,0
201.0,1.6877750324671628,272.25395979375185,0
201.25,1.9265481504402338,272.179882819371,0
201.5,2.165321268413305,272.1058058449902,0
201.75,2.404094386386376,272.03172887060936,0
202.0,2.637423354753123,271.94196477689195,0
202.25,2.87075232311987,271.85220068317454,0
202.5,3.104081291486617,271.76243658945714,0
202.75,3.337410259853364,271.67267249573973,0
203.0,3.565533276049636,271.5703988946419,0
203.25,3.793656292245908,271.4681252935441,0
203.5,4.02177930844218,271.3658516924463,0
203.75,4.249902324638452,271.2635780913485,0
204.0,4.458845902002324,271.12630980849195,0
204.25,4.667789479366196,270.9890415256354,0
204.5,4.8767330567300675,270.85177324277885,0
204.75,5.085676634093939,270.7145049599223,0
205.0,5.319964958270524,270.6272754858064,0
205.25,5.5542532824471085,270.54004601169055,0
205.5,5.788541606623693,270.4528165375747,0
205.75,6.0228299308002775,270.3655870634588,0
206.0,6.25544837769737,270.27399744525246,0
206.25,6.488066824594462,270.1824078270461,0
206.5,6.720685271491554,270.0908182088398,0
206.75,6.953303718388646,269.99922859063344,0
207.0,7.180207893488928,269.8942786248304,0
207.25,7.4071120685892105,269.7893286590274,0
207.5,7.6340162436894925,269.68437869322435,0
207.75,7.8609204187897745,269.5794287274213,0
208.0,8.056234789287734,269.42337650322384,0
208.25,8.251549159785693,269.26732427902635,0
208.5,8.446863530283652,269.1112720548289,0
208.75,8.642177900781611,268.9552198306314,0
209.0,8.827839601172677,268.7877990045437,0
209.25,9.013501301563743,268.62037817845595,0
209.5,9.199163001954808,268.45295735236823,0
209.75,9.384824702345874,268.2855365262805,0
210.0,9.546504310782494,268.0948543188888,0
210.25,9.708183919219113,267.9041721114971,0
210.5,9.869863527655733,267.71348990410536,0
210.75,10.031543136092353,267.52280769671364,0
211.0,10.229228369776006,267.36976996155187,0
211.25,10.42691360345966,267.2167322263901,0
211.5,10.624598837143314,267.0636944912283,0
211.75,10.822284070826967,266.91065675606654,0
212.0,11.050287916638943,266.8081177571688,0
212.25,11.27829176245092,266.7055787582711,0
212.5,11.506295608262896,266.60303975937336,0
212.75,11.734299454074872,266.50050076047563,0
213.0,11.94134229008669,266.3603820106376,0
213.25,12.148385126098507,266.2202632607995,0
213.5,12.355427962110324,266.0801445109615,0
213.75,12.562470798122142,265.9400257611234,0
214.0,12.787500492888325,265.8311146208602,0
214.25,13.012530187654509,265.722203480597,0
214.5,13.237559882420692,265.61329234033377,0
214.75,13.462589577186876,265.50438120007055,0
215.0,13.677840130024283,265.3772308972664,0
215.25,13.89309068286169,265.2500805944622,0
215.5,14.108341235699097,265.122930291658,0
215.75,14.323591788536504,264.9957799888538,0
216.0,14.551065399401404,264.892070026169,0
216.25,14.778539010266304,264.78836006348416,0
216.5,15.006012621131203,264.68465010079933,0
216.75,15.233486231996103,264.5809401381145,0
217.0,15.464263347835274,264.4848052183145,0
217.25,15.695040463674445,264.38867029851446,0
217.5,15.925817579513616,264.29253537871443,0
217.75,16.156594695352787,264.1964004589144,0
218.0,16.364807587234864,264.05802635854116,0
218.25,16.57302047911694,263.9196522581679,0
218.5,16.78123337099902,263.78127815779465,0
218.75,16.989446262881096,263.6429040574214,0
219.0,17.171781394957645,263.4718663434206,0
219.25,17.354116527034193,263.30082862941975,0
219.5,17.536451659110742,263.12979091541894,0
219.75,17.71878679118729,262.9587532014181,0
220.0,17.918593224909344,262.80849545937707,0
220.25,18.118399658631397,262.658237717336,0
220.5,18.31820609235345,262.507979975295,0
220.75,18.518012526075502,262.3577222332539,0
221.0,18.74110088609561,262.24488791390235,0
221.25,18.964189246115716,262.13205359455077,0
221.5,19.187277606135822,262.0192192751992,0
221.75,19.41036596615593,261.9063849558476,0
222.0,19.64843012115176,261.8300602671413,0
222.25,19.886494276147587,261.75373557843494,0
222.5,20.124558431143416,261.6774108897286,0
222.75,20.362622586139246,261.60108620102227,0
223.0,20.60083262616424,261.52521804675916,0
223.25,20.839042666189236,261.44934989249606,0
223.5,21.07725270621423,261.37348173823295,0
223.75,21.315462746239227,261.29761358396985,0
224.0,21.562449448737656,261.25891515003576,0
224.25,21.809436151236085,261.2202167161017,0
224.5,22.056422853734514,261.1815182821676,0
224.75,22.303409556232943,261.1428198482335,0
225.0,22.537781471250536,261.055815219328,0
225.25,22.77215338626813,260.9688105904225,0
225.5,23.006525301285723,260.881805961517,0
225.75,23.240897216303317,260.7948013326115,0
226.0,23.478567290793304,260.71725821111175,0
226.25,23.71623736528329,260.639715089612,0
226.5,23.95390743977328,260.5621719681123,0
226.75,24.191577514263265,260.48462884661257,0
227.0,24.435937402862347,260.4318250130032,0
227.25,24.68029729146143,260.3790211793939,0
227.5,24.92465718006051,260.3262173457845,0
227.75,25.169017068659592,260.2734135121752,0
228.0,25.418457005095576,260.2566887368161,0
228.25,25.66789694153156,260.239963961457,0
228.5,25.917336877967543,260.22323918609794,0
228.75,26.166776814403526,260.20651441073886,0
229.0,26.41595583211025,260.1862704700476,0
229.25,26.665134849816972,260.1660265293563,0
229.5,26.914313867523695,260.14578258866504,0
229.75,27.16349288523042,260.12553864797377,0
230.0,27.411488766511287,260.0939468315061,0
230.25,27.659484647792155,260.06235501503846,0
230.5,27.907480529073023,260.0307631985708,0
230.75,28.15547641035389,259.99917138210316,0
231.0,28.403690401102267,259.9693416184976,0
231.25,28.651904391850643,259.93951185489203,0
231.5,28.900118382599018,259.90968209128647,0
231.75,29.148332373347394,259.8798523276809,0
232.0,29.398332138952835,259.87950998688046,0
232.25,29.648331904558276,259.87916764608,0
232.5,29.898331670163717,259.8788253052796,0
232.75,30.14833143576916,259.87848296447913,0
233.0,30.392204560473804,259.8234747919337,0
233.25,30.63607768517845,259.7684666193882,0
233.5,30.879950809883095,259.71345844684276,0
233.75,31.12382393458774,259.6584502742973,0
234.0,31.347579669339517,259.5469452467618,0
234.25,31.571335404091293,259.43544021922634,0
234.5,31.79509113884307,259.32393519169085,0
234.75,32.018846873594846,259.21243016415536,0
235.0,32.246321048628104,259.10872143890555,0
235.25,32.47379522366136,259.00501271365573,0
235.5,32.70126939869462,258.9013039884059,0
235.75,32.92874357372788,258.7975952631561,0
236.0,33.15059155660738,258.6823413153179,0
236.25,33.372439539486884,258.5670873674797,0
236.5,33.594287522366386,258.4518334196415,0
236.75,33.81613550524589,258.3365794718033,0
237.0,34.04294007995997,258.23141443536645,0
237.25,34.26974465467405,258.1262493989296,0
237.5,34.49654922938813,258.02108436249273,0
237.75,34.72335380410221,257.91591932605587,0
238.0,34.95199595815272,257.8148116340085,0
238.25,35.18063811220323,257.7137039419611,0
238.5,35.409280266253745,257.61259624991374,0
238.75,35.63792242030426,257.51148855786636,0
239.0,35.85222753422135,257.38275115790435,0
239.25,36.06653264813844,257.25401375794235,0
239.5,36.28083776205553,257.12527635798034,0
239.75,36.495142875972626,256.99653895801833,0
240.0,36.6826377257968,256.83117366150964,0
240.25,36.87013257562098,256.66580836500094,0
240.5,37.057627425445155,256.50044306849225,0
240.75,37.24512227526933,256.33507777198355,0
241.0,37.44702432559046,256.1876479172182,0
241.25,37.64892637591159,256.0402180624529,0
241.5,37.850828426232724,255.89278820768754,0
241.75,38.052730476553855,255.7453583529222,0
242.0,38.23346418471966,255.57262929707855,0
242.25,38.41419789288546,255.3999002412349,0
242.5,38.594931601051265,255.22717118539123,0
242.75,38.77566530921707,255.05444212954757,0
243.0,38.93909696310131,254.86525942814848,0
243.25,39.10252861698556,254.6760767267494,0
243.5,39.265960270869805,254.4868940253503,0
243.75,39.42939192475405,254.2977113239512,0
244.0,39.60728826679009,254.1220614122228,0
244.25,39.785184608826135,253.94641150049438,0
244.5,39.96308095086218,253.77076158876596,0
244.75,40.14097729289822,253.59511167703755,0
245.0,40.28239292196948,253.38895246707017,0
245.25,40.42380855104074,253.1827932571028,0
245.5,40.565224180112004,252.9766340471354,0
245.75,40.706639809183265,252.77047483716802,0
246.0,40.87768594747609,252.5881476077833,0
246.25,41.04873208576891,252.40582037839857,0
246.5,41.219778224061734,252.22349314901385,0
246.75,41.39082436235456,252.04116591962912,0
247.0,41.590742739245826,251.89105715046102,0
247.25,41.790661116137095,251.74094838129292,0
247.5,41.99057949302836,251.59083961212482,0
247.75,42.19049786991963,251.44073084295673,0
248.0,42.414665896335976,251.33005701618362,0
248.25,42.63883392275232,251.2193831894105,0
248.5,42.86300194916866,251.1087093626374,0
248.75,43.087169975585006,250.9980355358643,0
249.0,43.3051340324551,250.87559506088672,0
249.25,43.523098089325195,250.75315458590916,0
249.5,43.74106214619529,250.6307141109316,0
249.75,43.959026203065385,250.50827363595403,0
250.0,44.199070251512175,250.43842483635606,0
250.25,44.439114299958966,250.3685760367581,0
250.5,44.67915834840576,250.29872723716014,0
250.75,44.91920239685255,250.22887843756217,0
251.0,45.15422882975011,250.1436576898569,0
251.25,45.38925526264767,250.05843694215162,0
251.5,45.624281695545235,249.97321619444634,0
251.75,45.8593081284428,249.88799544674106,0
252.0,46.10319401772199,249.83304389525705,0
252.25,46.34707990700118,249.77809234377304,0
252.5,46.59096579628037,249.72314079228903,0
252.75,46.83485168555956,249.66818924080502,0
253.0,47.083704737745514,249.64426940765892,0
253.25,47.332557789931464,249.62034957451283,0
253.5,47.581410842117414,249.59642974136673,0
253.75,47.830263894303364,249.57250990822064,0
254.0,48.079157052592805,249.54901106236156,0
254.25,48.328050210882246,249.52551221650248,0
254.5,48.57694336917169,249.5020133706434,0
254.75,48.82583652746113,249.47851452478432,0
255.0,49.073247104062474,249.44262571614166,0
255.25,49.32065768066382,249.406736907499,0
255.5,49.56806825726517,249.37084809885636,0
255.75,49.815478833866514,249.3349592902137,0
256.0,50.06547442341922,249.33347429721863,0
256.25,50.31547001297192,249.33198930422355,0
256.5,50.565465602524625,249.33050431122848,0
256.75,50.81546119207733,249.3290193182334,0
257.0,51.06545737760801,249.33040033963323,0
257.25,51.315453563138696,249.33178136103305,0
257.5,51.56544974866938,249.33316238243287,0
257.75,51.81544593420006,249.3345434038327,0
258.0,52.065301596483636,249.34303740317563,0
258.25,52.31515725876721,249.35153140251856,0
258.5,52.56501292105078,249.3600254018615,0
258.75,52.81486858333435,249.36851940120442,0
259.0,53.06306434532414,249.3385383450138,0
259.25,53.311260107313934,249.30855728882318,0
259.5,53.559455869303726,249.27857623263256,0
259.75,53.80765163129352,249.24859517644194,0
260.0,54.05647148735211,249.22433246367154,0
260.25,54.305291343410715,249.20006975090115,0
260.5,54.55411119946932,249.17580703813076,0
260.75,54.80293105552792,249.15154432536036,0
261.0,55.052918849097885,249.1490738869332,0
261.25,55.30290664266785,249.14660344850603,0
261.5,55.552894436237814,249.14413301007886,0
261.75,55.80288222980778,249.1416625716517,0
262.0,56.05255622385855,249.1544256705988,0
262.25,56.302230217909326,249.16718876954593,0
262.5,56.5519042119601,249.17995186849305,0
262.75,56.80157820601087,249.19271496744017,0
263.0,57.04365151474875,249.25516905615095,0
263.25,57.28572482348663,249.31762314486173,0
263.5,57.52779813222451,249.3800772335725,0
263.75,57.76987144096239,249.4425313222833,0
264.0,58.016624821601376,249.48269061937913,0
264.25,58.26337820224036,249.52284991647497,0
264.5,58.510131582879346,249.5630092135708,0
264.75,58.75688496351833,249.60316851066665,0
265.0,58.98798271019665,249.69853009349853,0
265.25,59.21908045687496,249.79389167633042,0
265.5,59.45017820355328,249.8892532591623,0
265.75,59.681275950231594,249.9846148419942,0
266.0,59.90035534047523,250.1050483123024,0
266.25,60.119434730718865,250.2254817826106,0
266.5,60.3385141209625,250.3459152529188,0
266.75,60.557593511206136,250.466348723227,0
267.0,60.78758786978445,250.56434155471047,0
267.25,61.01758222836277,250.66233438619395,0
267.5,61.247576586941086,250.76032721767743,0
267.75,61.4775709455194,250.8583200491609,0
268.0,61.71507523414785,250.93636947505948,0
268.25,61.95257952277629,251.01441890095805,0
268.5,62.19008381140473,251.09246832685662,0
268.75,62.42758810003318,251.1705177527552,0
269.0,62.672359234126866,251.22138121620873,0
269.25,62.917130368220555,251.27224467966226,0
269.5,63.161901502314244,251.3231081431158,0
269.75,63.40667263640793,251.37397160656934,0
270.0,63.65663341231832,251.37839998169764,0
270.25,63.90659418822871,251.38282835682594,0
270.5,64.15655496413909,251.38725673195424,0
270.75,64.40651574004947,251.39168510708254,0
271.0,64.65540663240722,251.3681622734657,0
271.25,64.90429752476497,251.3446394398489,0
271.5,65.15318841712272,251.32111660623207,0
271.75,65.40207930948047,251.29759377261524,0
272.0,65.64351827243712,251.2327306307979,0
272.25,65.88495723539377,251.16786748898056,0
272.5,66.12639619835042,251.10300434716322,0
272.75,66.36783516130707,251.03814120534588,0
273.0,66.61763624953501,251.02817043204905,0
273.25,66.86743733776295,251.01819965875222,0
273.5,67.11723842599089,251.0082288854554,0
273.75,67.36703951421883,250.99825811215857,0
274.0,67.61177002951429,250.94719956847368,0
274.25,67.85650054480975,250.8961410247888,0
274.5,68.1012310601052,250.8450824811039,0
274.75,68.34596157540066,250.794023937419,0
275.0,68.59148394801481,250.74692017381227,0
275.25,68.83700632062896,250.69981641020553,0
275.5,69.0825286932431,250.6527126465988,0
275.75,69.32805106585725,250.60560888299204,0
276.0,69.57167511955944,250.5495078985291,0
276.25,69.81529917326164,250.49340691406616,0
276.5,70.05892322696383,250.4373059296032,0
276.75,70.30254728066602,250.38120494514027,0
277.0,70.54520884860236,250.32107705272188,0
277.25,70.7878704165387,250.26094916030348,0
277.5,71.03053198447503,250.2008212678851,0
277.75,71.27319355241137,250.1406933754667,0
278.0,71.51876383981407,250.09384005173231,0
278.25,71.76433412721677,250.04698672799793,0
278.5,72.00990441461947,250.00013340426355,0
278.75,72.25547470202217,249.95328008052917,0
279.0,72.49234160275341,249.87331714325208,0
279.25,72.72920850348466,249.793354205975,0
279.5,72.9660754042159,249.7133912686979,0
279.75,73.20294230494714,249.63342833142082,0
280.0,73.4374486441167,249.54678667348833,0
280.25,73.67195498328626,249.46014501555584,0
280.5,73.90646132245581,249.37350335762335,0
280.75,74.14096766162537,249.28686169969086,0
281.0,74.3487870554742,249.14789731741863,0
281.25,74.55660644932304,249.0089329351464,0
281.5,74.76442584317188,248.86996855287416,0
281.75,74.97224523702072,248.73100417060192,0
282.0,75.19199034573627,248.61178971176582,0
282.25,75.41173545445183,248.49257525292973,0
282.5,75.63148056316739,248.37336079409363,0
282.75,75.85122567188294,248.25414633525753,0
283.0,76.06584528400417,248.12593392519932,0
283.25,76.2804648961254,247.9977215151411,0
283.5,76.49508450824662,247.8695091050829,0
283.75,76.70970412036785,247.7412966950247,0
284.0,76.89503304019215,247.57350756701945,0
284.25,77.08036196001645,247.4057184390142,0
284.5,77.26569087984075,247.23792931100897,0
284.75,77.45101979966505,247.07014018300373,0
285.0,77.60861263704149,246.8760667494595,0
285.25,77.76620547441793,246.6819933159153,0
285.5,77.92379831179437,246.48791988237107,0
285.75,78.08139114917081,246.29384644882686,0
286.0,78.18946108064544,246.06841155820194,0
286.25,78.29753101212007,245.84297666757703,0
286.5,78.4056009435947,245.61754177695212,0
286.75,78.51367087506934,245.3921068863272,0
287.0,78.62790026651294,245.16972962550582,0
287.25,78.74212965795654,244.94735236468443,0
287.5,78.85635904940014,244.72497510386304,0
287.75,78.97058844084374,244.50259784304166,0
288.0,79.11944480488663,244.30174520331806,0
288.25,79.26830116892951,244.10089256359447,0
288.5,79.4171575329724,243.90003992387088,0
288.75,79.56601389701528,243.69918728414729,0
289.0,79.72948047709876,243.51003476051673,0
289.25,79.89294705718224,243.32088223688618,0
289.5,80.05641363726572,243.13172971325562,0
289.75,80.2198802173492,242.94257718962507,0
290.0,80.38870423601918,242.758190501602,0
290.25,80.55752825468916,242.57380381357893,0
290.5,80.72635227335914,242.38941712555587,0
290.75,80.89517629202912,242.2050304375328,0
291.0,81.0817550474457,242.03863221630672,0
291.25,81.26833380286227,241.87223399508065,0
291.5,81.45491255827885,241.70583577385457,0
291.75,81.64149131369543,241.5394375526285,0
292.0,81.85778286654408,241.41406624743342,0
292.25,82.07407441939274,241.28869494223835,0
292.5,82.2903659722414,241.16332363704328,0
292.75,82.50665752509006,241.0379523318482,0
293.0,82.70586407718743,240.88690018985253,0
293.25,82.9050706292848,240.73584804785685,0
293.5,83.10427718138216,240.58479590586117,0
293.75,83.30348373347952,240.4337437638655,0
294.0,83.5275422220252,240.32284834596817,0
294.25,83.75160071057088,240.21195292807084,0
294.5,83.97565919911656,240.10105751017352,0
294.75,84.19971768766224,239.9901620922762,0
295.0,84.40264162651266,239.84414197365746,0
295.25,84.60556556536308,239.69812185503872,0
295.5,84.8084895042135,239.55210173641998,0
295.75,85.01141344306392,239.40608161780125,0
296.0,85.2025032491772,239.24488395652918,0
296.25,85.39359305529048,239.0836862952571,0
296.5,85.58468286140376,238.92248863398504,0
296.75,85.77577266751705,238.76129097271297,0
297.0,85.97758572508232,238.6137393214306,0
297.25,86.1793987826476,238.4661876701482,0
297.5,86.38121184021287,238.31863601886582,0
297.75,86.58302489777815,238.17108436758343,0
298.0,86.80992132188929,238.06611764559224,0
298.25,87.03681774600044,237.96115092360105,0
298.5,87.26371417011158,237.85618420160986,0
298.75,87.49061059422273,237.75121747961867,0
299.0,87.72459341181077,237.66317180355472,0
299.25,87.95857622939882,237.57512612749076,0
299.5,88.19255904698686,237.4870804514268,0
299.75,88.4265418645749,237.39903477536285,0
300.0,88.66264797219826,237.31685262436307,0
300.25,88.89875407982161,237.23467047336328,0
300.5,89.13486018744497,237.1524883223635,0
300.75,89.37096629506833,237.0703061713637,0
301.0,89.58485550161072,236.94087894345293,0
301.25,89.79874470815311,236.81145171554215,0
301.5,90.0126339146955,236.68202448763137,0
301.75,90.22652312123789,236.55259725972059,0
302.0,90.45181176110056,236.44422277587486,0
302.25,90.67710040096323,236.33584829202914,0
302.5,90.9023890408259,236.22747380818342,0
302.75,91.12767768068856,236.1190993243377,0
303.0,91.34209220567459,235.99054423313154,0
303.25,91.55650673066062,235.8619891419254,0
303.5,91.77092125564664,235.73343405071924,0
303.75,91.98533578063267,235.6048789595131,0
304.0,92.21204273125849,235.4995036372695,0
304.25,92.43874968188432,235.3941283150259,0
304.5,92.66545663251014,235.28875299278232,0
304.75,92.89216358313597,235.18337767053873,0
305.0,93.10712435116638,235.0557380677198,0
305.25,93.32208511919679,234.92809846490087,0
305.5,93.5370458872272,234.80045886208194,0
305.75,93.7520066552576,234.672819259263,0
306.0,93.9359908341261,234.50355667649268,0
306.25,94.1199750129946,234.33429409372235,0
306.5,94.3039591918631,234.16503151095202,0
306.75,94.4879433707316,233.9957689281817,0
307.0,94.64653455441835,233.80251045758638,0
307.25,94.8051257381051,233.60925198699107,0
307.5,94.96371692179186,233.41599351639576,0
307.75,95.12230810547861,233.22273504580045,0
308.0,95.3044804351138,233.05152394126782,0
308.25,95.486652764749,232.8803128367352,0
308.5,95.66882509438419,232.70910173220256,0
308.75,95.85099742401938,232.53789062766992,0
309.0,95.98911922193547,232.32951028085088,0
309.25,96.12724101985155,232.12112993403184,0
309.5,96.26536281776764,231.9127495872128,0
309.75,96.40348461568372,231.70436924039376,0
310.0,96.56309743158691,231.51195367709533,0
310.25,96.7227102474901,231.3195381137969,0
310.5,96.88232306339329,231.12712255049848,0
310.75,97.04193587929647,230.93470698720006,0
311.0,97.2120451186749,230.75150533142673,0
311.25,97.38215435805331,230.5683036756534,0
311.5,97.55226359743173,230.38510201988007,0
311.75,97.72237283681015,230.20190036410673,0
312.0,97.91357254849628,230.04083307924992,0
312.25,98.1047722601824,229.8797657943931,0
312.5,98.29597197186852,229.7186985095363,0
312.75,98.48717168355465,229.55763122467948,0
313.0,98.67537697743822,229.3930749505536,0
313.25,98.86358227132179,229.2285186764277,0
313.5,99.05178756520536,229.06396240230183,0
313.75,99.23999285908893,228.89940612817594,0
314.0,99.38844322934202,228.69825323216963,0
314.25,99.5368935995951,228.49710033616333,0
314.5,99.68534396984819,228.29594744015702,0
314.75,99.83379434010128,228.09479454415072,0
315.0,99.95958504613296,227.87874663678744,0
315.25,100.08537575216464,227.66269872942416,0
315.5,100.21116645819632,227.4466508220609,0
315.75,100.336957164228,227.2306029146976,0
316.0,100.48104502935263,227.02630243226102,0
316.25,100.62513289447726,226.82200194982443,0
316.5,100.7692207596019,226.61770146738783,0
316.75,100.91330862472653,226.41340098495124,0
317.0,101.03818735614924,226.1968246648277,0
317.25,101.16306608757195,225.98024834470414,0
317.5,101.28794481899466,225.7636720245806,0
317.75,101.41282355041737,225.54709570445704,0
318.0,101.51658735556403,225.31964664919084,0
318.25,101.62035116071068,225.09219759392465,0
318.5,101.72411496585734,224.86474853865846,0
318.75,101.827878771004,224.63729948339227,0
319.0,101.93040172424129,224.4092884221266,0
319.25,102.03292467747859,224.18127736086092,0
319.5,102.13544763071589,223.95326629959524,0
319.75,102.23797058395319,223.72525523832957,0
320.0,102.30027152193223,223.48314246888745,0
320.25,102.36257245991128,223.24102969944533,0
320.5,102.42487339789032,222.99891693000322,0
320.75,102.48717433586937,222.7568041605611,0
321.0,102.57472131282049,222.52263429310005,0
321.25,102.6622682897716,222.288464425639,0
321.5,102.74981526672272,222.05429455817796,0
321.75,102.83736224367384,221.8201246907169,0
322.0,102.87381342246987,221.57279634304044,0
322.25,102.9102646012659,221.32546799536397,0
322.5,102.94671578006192,221.0781396476875,0
322.75,102.98316695885795,220.83081130001102,0
323.0,103.05763490932652,220.5921598295504,0
323.25,103.1321028597951,220.3535083590898,0
323.5,103.20657081026367,220.1148568886292,0
323.75,103.28103876073224,219.87620541816858,0
324.0,103.30349001261469,219.6272155764302,0
324.25,103.32594126449713,219.3782257346918,0
324.5,103.34839251637958,219.1292358929534,0
324.75,103.37084376826202,218.880246051215,0
325.0,103.42457047625817,218.63608741252307,0
325.25,103.47829718425432,218.39192877383113,0
325.5,103.53202389225046,218.14777013513918,0
325.75,103.58575060024661,217.90361149644724,0
326.0,103.6926987072438,217.6776422454202,0
326.25,103.799646814241,217.45167299439316,0
326.5,103.9065949212382,217.22570374336613,0
326.75,104.01354302823539,216.9997344923391,0
327.0,104.11180449393014,216.76985477518352,0
327.25,104.21006595962488,216.53997505802795,0
327.5,104.30832742531963,216.31009534087238,0
327.75,104.40658889101438,216.0802156237168,0
328.0,104.50353174348177,215.84977673082872,0
328.25,104.60047459594917,215.61933783794063,0
328.5,104.69741744841656,215.38889894505255,0
328.75,104.79436030088395,215.15846005216446,0
329.0,104.83446706158637,214.9116981269289,0
329.25,104.87457382228878,214.66493620169337,0
329.5,104.9146805829912,214.41817427645782,0
329.75,104.95478734369361,214.17141235122227,0
330.0,105.0361645512605,213.9350276011037,0
330.25,105.11754175882739,213.69864285098515,0
330.5,105.19891896639427,213.4622581008666,0
330.75,105.28029617396116,213.22587335074803,0
331.0,105.3972690732597,213.00492688476658,0
331.25,105.51424197255822,212.78398041878512,0
331.5,105.63121487185676,212.56303395280366,0
331.75,105.74818777115529,212.3420874868222,0
332.0,105.84218672179605,212.11043214525108,0
332.25,105.93618567243682,211.87877680367995,0
332.5,106.03018462307759,211.64712146210883,0
332.75,106.12418357371835,211.4154661205377,0
333.0,106.22727598845078,211.18771196794188,0
333.25,106.33036840318321,210.95995781534606,0
333.5,106.43346081791564,210.73220366275024,0
333.75,106.53655323264807,210.50444951015442,0
334.0,106.67771111314366,210.29811373338754,0
334.25,106.81886899363924,210.09177795662066,0
334.5,106.96002687413483,209.88544217985378,0
334.75,107.10118475463041,209.6791064030869,0
335.0,107.2445709468833,209.47431284881526,0
335.25,107.38795713913619,209.2695192945436,0
335.5,107.53134333138908,209.06472574027197,0
335.75,107.67472952364197,208.85993218600032,0
336.0,107.85339408186009,208.68506373362334,0
336.25,108.0320586400782,208.51019528124635,0
336.5,108.21072319829632,208.33532682886937,0
336.75,108.38938775651444,208.1604583764924,0
337.0,108.5668880315843,207.984408234913,0
337.25,108.74438830665416,207.8083580933336,0
337.5,108.92188858172402,207.6323079517542,0
337.75,109.09938885679388,207.4562578101748,0
338.0,109.27310041795887,207.27646822894823,0
338.25,109.44681197912386,207.09667864772166,0
338.5,109.62052354028886,206.9168890664951,0
338.75,109.79423510145385,206.73709948526852,0
339.0,109.97436461222705,206.56374043777282,0
339.25,110.15449412300025,206.39038139027713,0
339.5,110.33462363377345,206.21702234278143,0
339.75,110.51475314454665,206.04366329528574,0
340.0,110.72243807733221,205.90449803850856,0
340.25,110.93012301011778,205.7653327817314,0
340.5,111.13780794290335,205.6261675249542,0
340.75,111.34549287568892,205.48700226817704,0
341.0,111.57033927153002,205.3777132098168,0
341.25,111.79518566737111,205.26842415145654,0
341.5,112.02003206321221,205.1591350930963,0
341.75,112.24487845905331,205.04984603473605,0
342.0,112.45527036141148,204.91480808665438,0
342.25,112.66566226376965,204.7797701385727,0
342.5,112.87605416612782,204.64473219049103,0
342.75,113.08644606848598,204.50969424240935,0
343.0,113.26643902903298,204.33619342352503,0
343.25,113.44643198957998,204.1626926046407,0
343.5,113.62642495012697,203.9891917857564,0
343.75,113.80641791067397,203.81569096687207,0
344.0,113.9539602064088,203.6138710695148,0
344.25,114.10150250214362,203.41205117215753,0
344.5,114.24904479787844,203.21023127480026,0
344.75,114.39658709361326,203.008411377443,0
345.0,114.54851808392712,202.80987429228696,0
345.25,114.70044907424098,202.61133720713093,0
345.5,114.85238006455484,202.4128001219749,0
345.75,115.0043110548687,202.21426303681886,0
346.0,115.11501573600775,201.99011024612935,0
346.25,115.2257204171468,201.76595745543983,0
346.5,115.33642509828586,201.54180466475032,0
346.75,115.44712977942491,201.3176518740608,0
347.0,115.51930483563868,201.0782969884609,0
347.25,115.59147989185244,200.83894210286098,0
347.5,115.66365494806621,200.59958721726107,0
347.75,115.73583000427998,200.36023233166117,0
348.0,115.8413085382335,200.13357338329376,0
348.25,115.94678707218704,199.90691443492636,0
348.5,116.05226560614057,199.68025548655896,0
348.75,116.1577441400941,199.45359653819156,0
349.0,116.21182687166812,199.20951651413083,0
349.25,116.26590960324215,198.9654364900701,0
349.5,116.31999233481618,198.72135646600935,0
349.75,116.3740750663902,198.47727644194862,0
350.0,116.40210542076814,198.22885281337548,0
350.25,116.43013577514607,197.98042918480235,0
350.5,116.458166129524,197.7320055562292,0
350.75,116.48619648390194,197.48358192765608,0
351.0,116.5508153225865,197.2420774645771,0
351.25,116.61543416127107,197.00057300149814,0
351.5,116.68005299995563,196.75906853841917,0
351.75,116.7446718386402,196.5175640753402,0
352.0,116.81076489943194,196.27645889639297,0
352.25,116.87685796022369,196.03535371744573,0
352.5,116.94295102101543,195.7942485384985,0
352.75,117.00904408180718,195.55314335955126,0
353.0,117.08774242869679,195.31585330456193,0
353.25,117.1664407755864,195.0785632495726,0
353.5,117.245139122476,194.84127319458327,0
353.75,117.32383746936561,194.60398313959394,0
354.0,117.36098532896725,194.356758471474,0
354.25,117.39813318856888,194.10953380335405,0
354.5,117.43528104817051,193.8623091352341,0
354.75,117.47242890777214,193.61508446711417,0
355.0,117.45988348764722,193.36539944066305,0
355.25,117.4473380675223,193.11571441421194,0
355.5,117.43479264739737,192.86602938776082,0
355.75,117.42224722727245,192.6163443613097,0
356.0,117.44132549585963,192.36707338492513,0
356.25,117.46040376444681,192.11780240854057,0
356.5,117.47948203303399,191.868531432156,0
356.75,117.49856030162117,191.61926045577144,0
357.0,117.50782523284796,191.36943219265984,0
357.25,117.51709016407476,191.11960392954825,0
357.5,117.52635509530155,190.86977566643665,0
357.75,117.53562002652835,190.61994740332506,0
358.0,117.5018537229373,190.37223822557462,0
358.25,117.46808741934625,190.12452904782418,0
358.5,117.4343211157552,189.87681987007375,0
358.75,117.40055481216415,189.6291106923233,0
359.0,117.41748917356533,189.3796848969373,0
359.25,117.43442353496651,189.1302591015513,0
359.5,117.4513578963677,188.8808333061653,0
359.75,117.46829225776888,188.6314075107793,0
360.0,117.51033578165267,188.38496818335886,0
360.25,117.55237930553646,188.13852885593843,0
360.5,117.59442282942025,187.892089528518,0
360.75,117.63646635330404,187.64565020109757,0
361.0,117.63393177604976,187.39566304959146,0
361.25,117.63139719879548,187.14567589808536,0
361.5,117.6288626215412,186.89568874657925,0
361.75,117.62632804428692,186.64570159507315,0
362.0,117.5918952494718,186.3980841832435,0
362.25,117.55746245465669,186.15046677141385,0
362.5,117.52302965984157,185.9028493595842,0
362.75,117.48859686502645,185.65523194775454,0
363.0,117.47309225104378,185.40571319706584,0
363.25,117.45758763706111,185.15619444637713,0
363.5,117.44208302307844,184.90667569568842,0
363.75,117.42657840909577,184.6571569449997,0
364.0,117.46675657702716,184.41040663634402,0
364.25,117.50693474495854,184.16365632768833,0
364.5,117.54711291288993,183.91690601903264,0
364.75,117.58729108082132,183.67015571037695,0
365.0,117.5764259773968,183.42039192291452,0
365.25,117.56556087397227,183.1706281354521,0
365.5,117.55469577054775,182.92086434798966,0
365.75,117.54383066712323,182.67110056052724,0
366.0,117.55992791171603,182.4216193413613,0
366.25,117.57602515630883,182.17213812219535,0
366.5,117.59212240090163,181.9226569030294,0
366.75,117.60821964549443,181.67317568386346,0
367.0,117.57573353694485,181.42529536445244,0
367.25,117.54324742839528,181.1774150450414,0
367.5,117.5107613198457,180.9295347256304,0
367.75,117.47827521129612,180.68165440621937,0
368.0,117.39213073768931,180.44696497384754,0
368.25,117.3059862640825,180.21227554147572,0
368.5,117.2198417904757,179.9775861091039,0
368.75,117.13369731686889,179.74289667673207,0
369.0,117.0651528914808,179.5024769151728,0
369.25,116.99660846609272,179.2620571536135,0
369.5,116.92806404070464,179.02163739205423,0
369.75,116.85951961531656,178.78121763049495,0
370.0,116.84412151928441,178.53169228380932,0
370.25,116.82872342325227,178.2821669371237,0
370.5,116.81332532722013,178.03264159043806,0
370.75,116.79792723118798,177.78311624375243,0
371.0,116.76895136728758,177.53480112276455,0
371.25,116.73997550338719,177.28648600177667,0
371.5,116.71099963948679,177.03817088078878,0
371.75,116.68202377558639,176.7898557598009,0
372.0,116.59584639120035,176.55517841019002,0
372.25,116.50966900681432,176.32050106057915,0
372.5,116.42349162242829,176.08582371096827,0
372.75,116.33731423804225,175.8511463613574,0
373.0,116.24795927847585,175.61766040631753,0
373.25,116.15860431890944,175.38417445127766,0
373.5,116.06924935934303,175.1506884962378,0
373.75,115.97989439977663,174.91720254119792,0
374.0,115.88366461120165,174.6864649677713,0
374.25,115.78743482262668,174.45572739434465,0
374.5,115.6912050340517,174.224989820918,0
374.75,115.59497524547673,173.99425224749137,0
375.0,115.48968680161603,173.76750493529255,0
375.25,115.38439835775533,173.54075762309373,0
375.5,115.27910991389463,173.3140103108949,0
375.75,115.17382147003393,173.08726299869608,0
376.0,115.09199197568519,172.85103443595517,0
376.25,115.01016248133645,172.61480587321427,0
376.5,114.92833298698771,172.37857731047336,0
376.75,114.84650349263897,172.14234874773246,0
377.0,114.74494196512359,171.91390782292095,0
377.25,114.6433804376082,171.68546689810944,0
377.5,114.54181891009281,171.45702597329793,0
377.75,114.44025738257743,171.22858504848642,0
378.0,114.38007622582418,170.9859366848574,0
378.25,114.31989506907094,170.74328832122836,0
378.5,114.2597139123177,170.50063995759933,0
378.75,114.19953275556445,170.2579915939703,0
379.0,114.08693310940473,170.03478469514164,0
379.25,113.974333463245,169.81157779631297,0
379.5,113.86173381708528,169.5883708974843,0
379.75,113.74913417092556,169.36516399865565,0
380.0,113.60605149368577,169.16015827318952,0
380.25,113.46296881644598,168.9551525477234,0
380.5,113.31988613920619,168.75014682225728,0
380.75,113.1768034619664,168.54514109679116,0
381.0,113.04305171108999,168.3339291910247,0
381.25,112.90929996021357,168.12271728525826,0
381.5,112.77554820933716,167.9115053794918,0
381.75,112.64179645846075,167.70029347372537,0
382.0,112.55083512964421,167.46742862738756,0
382.25,112.45987380082768,167.23456378104976,0
382.5,112.36891247201115,167.00169893471195,0
382.75,112.27795114319461,166.76883408837415,0
383.0,112.23777899575641,166.52208279948147,0
383.25,112.19760684831822,166.27533151058879,0
383.5,112.15743470088002,166.0285802216961,0
383.75,112.11726255344182,165.78182893280342,0
384.0,112.130384265945,165.53217352897448,0
384.25,112.14350597844818,165.28251812514554,0
384.5,112.15662769095135,165.0328627213166,0
384.75,112.16974940345453,164.78320731748767,0
385.0,112.17565790807672,164.53327714809404,0
385.25,112.1815664126989,164.28334697870042,0
385.5,112.18747491732108,164.0334168093068,0
385.75,112.19338342194327,163.78348663991318,0
386.0,112.22118751701917,163.53503758618785,0
386.25,112.24899161209508,163.28658853246253,0
386.5,112.27679570717099,163.0381394787372,0
386.75,112.3045998022469,162.78969042501188,0
387.0,112.33649340313195,162.54173317421532,0
387.25,112.36838700401701,162.29377592341876,0
387.5,112.40028060490206,162.0458186726222,0
387.75,112.43217420578712,161.79786142182564,0
388.0,112.42067511458451,161.54812602004705,0
388.25,112.4091760233819,161.29839061826846,0
388.5,112.3976769321793,161.04865521648986,0
388.75,112.38617784097669,160.79891981471127,0
389.0,112.36480363477182,160.54983520396803,0
389.25,112.34342942856695,160.3007505932248,0
389.5,112.32205522236208,160.05166598248155,0
389.75,112.30068101615721,159.8025813717383,0
390.0,112.2429155580918,159.5593466047857,0
390.25,112.18515010002638,159.3161118378331,0
390.5,112.12738464196096,159.07287707088048,0
390.75,112.06961918389554,158.82964230392787,0
391.0,111.96778228075901,158.60132400601998,0
391.25,111.86594537762248,158.3730057081121,0
391.5,111.76410847448595,158.1446874102042,0
391.75,111.66227157134942,157.9163691122963,0
392.0,111.55446034941117,157.69081038286166,0
392.25,111.44664912747292,157.465251653427,0
392.5,111.33883790553467,157.23969292399235,0
392.75,111.23102668359643,157.0141341945577,0
393.0,111.08634575029484,156.81025327946514,0
393.25,110.94166481699325,156.6063723643726,0
393.5,110.79698388369167,156.40249144928003,0
393.75,110.65230295039008,156.19861053418748,0
394.0,110.52474548762841,155.9836010141801,0
394.25,110.39718802486674,155.7685914941727,0
394.5,110.26963056210506,155.55358197416533,0
394.75,110.14207309934339,155.33857245415794,0
395.0,110.01215680349424,155.1249799541191,0
395.25,109.88224050764508,154.91138745408028,0
395.5,109.75232421179592,154.69779495404146,0
395.75,109.62240791594677,154.48420245400263,0
396.0,109.50592816337861,154.26299561133797,0
396.25,109.38944841081046,154.0417887686733,0
396.5,109.2729686582423,153.82058192600866,0
396.75,109.15648890567415,153.599375083344,0
397.0,109.00203274189685,153.40279610819354,0
397.25,108.84757657811956,153.20621713304308,0
397.5,108.69312041434226,153.00963815789262,0
397.75,108.53866425056496,152.81305918274217,0
398.0,108.40647892456887,152.60086342502936,0
398.25,108.27429359857278,152.38866766731655,0
398.5,108.14210827257669,152.17647190960375,0
398.75,108.0099229465806,151.96427615189094,0
399.0,107.85808292410374,151.76566948640806,0
399.25,107.70624290162688,151.56706282092517,0
399.5,107.55440287915002,151.3684561554423,0
399.75,107.40256285667316,151.1698494899594,0
400.0,107.24677127659172,150.97432715472445,0
400.25,107.09097969651027,150.7788048194895,0
400.5,106.93518811642883,150.58328248425454,0
400.75,106.77939653634739,150.38776014901958,0
401.0,106.6244750074907,150.19154771338742,0
401.25,106.46955347863401,149.99533527775526,0
401.5,106.31463194977732,149.7991228421231,0
401.75,106.15971042092063,149.60291040649093,0
402.0,106.03828298471083,149.38438036797103,0
402.25,105.91685554850103,149.16585032945113,0
402.5,105.79542811229123,148.94732029093123,0
402.75,105.67400067608143,148.72879025241133,0
403.0,105.55331270524859,148.50985096014918,0
403.25,105.43262473441574,148.29091166788703,0
403.5,105.31193676358289,148.07197237562488,0
403.75,105.19124879275005,147.85303308336273,0
404.0,105.06486829825374,147.63732965128324,0
404.25,104.93848780375744,147.42162621920374,0
404.5,104.81210730926114,147.20592278712425,0
404.75,104.68572681476483,146.99021935504476,0
405.0,104.58035399880215,146.76351123949507,0
405.25,104.47498118283947,146.5368031239454,0
405.5,104.36960836687679,146.3100950083957,0
405.75,104.26423555091411,146.08338689284602,0
406.0,104.18070337833517,145.84775502712273,0
406.25,104.09717120575623,145.61212316139944,0
406.5,104.01363903317728,145.37649129567615,0
406.75,103.93010686059834,145.14085942995285,0
407.0,103.86765097174673,144.89878658565232,0
407.25,103.80519508289511,144.65671374135178,0
407.5,103.7427391940435,144.41464089705124,0
407.75,103.68028330519188,144.1725680527507,0
408.0,103.56588387162589,143.95027822032515,0
408.25,103.4514844380599,143.7279883878996,0
408.5,103.3370850044939,143.50569855547403,0
408.75,103.22268557092791,143.28340872304847,0
409.0,103.15174260093939,143.04368576835031,0
409.25,103.08079963095086,142.80396281365216,0
409.5,103.00985666096234,142.564239858954,0
409.75,102.93891369097382,142.32451690425586,0
410.0,102.86311801188388,142.0862837935611,0
410.25,102.78732233279395,141.84805068286636,0
410.5,102.71152665370401,141.6098175721716,0
410.75,102.63573097461408,141.37158446147686,0
411.0,102.56629521825063,141.13142060962102,0
411.25,102.49685946188718,140.89125675776518,0
411.5,102.42742370552374,140.65109290590934,0
411.75,102.35798794916029,140.4109290540535,0
412.0,102.257511416273,140.18200883577003,0
412.25,102.15703488338572,139.95308861748657,0
412.5,102.05655835049843,139.7241683992031,0
412.75,101.95608181761115,139.49524818091965,0
413.0,101.83641627749935,139.27574838932577,0
413.25,101.71675073738756,139.0562485977319,0
413.5,101.59708519727576,138.83674880613802,0
413.75,101.47741965716396,138.61724901454414,0
414.0,101.33628442501627,138.41089774547459,0
414.25,101.19514919286858,138.20454647640503,0
414.5,101.0540139607209,137.99819520733547,0
414.75,100.9128787285732,137.7918439382659,0
415.0,100.7628892988077,137.59183601102646,0
415.25,100.61289986904221,137.391828083787,0
415.5,100.46291043927671,137.19182015654755,0
415.75,100.31292100951121,136.9918122293081,0
416.0,100.17024187389566,136.78652544390778,0
416.25,100.02756273828011,136.58123865850746,0
416.5,99.88488360266456,136.37595187310714,0
416.75,99.742204467049,136.17066508770682,0
417.0,99.65148288723869,135.93770673315237,0
417.25,99.56076130742836,135.7047483785979,0
417.5,99.47003972761804,135.47179002404346,0
417.75,99.37931814780772,135.238831669489,0
418.0,99.31775179002734,134.9965310636506,0
418.25,99.25618543224697,134.75423045781218,0
418.5,99.19461907446659,134.51192985197378,0
418.75,99.13305271668621,134.26962924613537,0
419.0,99.03152616184427,134.04117277618556,0
419.25,98.92999960700233,133.81271630623576,0
419.5,98.82847305216039,133.58425983628595,0
419.75,98.72694649731845,133.35580336633615,0
420.0,98.57590455758681,133.15658907859026,0
420.25,98.42486261785517,132.95737479084437,0
420.5,98.27382067812353,132.75816050309848,0
420.75,98.12277873839189,132.5589462153526,0
421.0,97.95701407843173,132.37180435069294,0
421.25,97.79124941847157,132.1846624860333,0
421.5,97.6254847585114,131.99752062137364,0
421.75,97.45972009855124,131.810378756714,0
422.0,97.30515129248946,131.61388833915467,0
422.25,97.15058248642767,131.41739792159535,0
422.5,96.99601368036588,131.22090750403603,0
422.75,96.84144487430409,131.02441708647672,0
423.0,96.6475054979848,130.86665930279273,0
423.25,96.4535661216655,130.70890151910874,0
423.5,96.25962674534621,130.55114373542474,0
423.75,96.06568736902692,130.39338595174075,0
424.0,95.86062749166477,130.25038089345182,0
424.25,95.65556761430263,130.10737583516288,0
424.5,95.45050773694048,129.96437077687395,0
424.75,95.24544785957833,129.821365718585,0
425.0,95.07543934777705,129.6380705852205,0
425.25,94.90543083597576,129.454775451856,0
425.5,94.73542232417448,129.27148031849148,0
425.75,94.5654138123732,129.08818518512697,0
426.0,94.36579595900264,128.93767700390174,0
426.25,94.16617810563208,128.7871688226765,0
426.5,93.96656025226153,128.63666064145127,0
426.75,93.76694239889098,128.48615246022604,0
427.0,93.56435576712258,128.33966472480517,0
427.25,93.36176913535418,128.1931769893843,0
427.5,93.15918250358578,128.04668925396345,0
427.75,92.95659587181738,127.90020151854257,0
428.0,92.77004441050723,127.73377269807254,0
428.25,92.58349294919707,127.56734387760251,0
428.5,92.3969414878869,127.40091505713248,0
428.75,92.21039002657675,127.23448623666245,0
429.0,91.99937605849074,127.10042242621162,0
429.25,91.78836209040473,126.9663586157608,0
429.5,91.57734812231872,126.83229480530997,0
429.75,91.36633415423272,126.69823099485914,0
430.0,91.14706748900694,126.57813882392045,0
430.25,90.92780082378117,126.45804665298176,0
430.5,90.7085341585554,126.33795448204307,0
430.75,90.48926749332962,126.21786231110438,0
431.0,90.25293354099729,126.13633769534339,0
431.25,90.01659958866496,126.05481307958239,0
431.5,89.78026563633263,125.97328846382139,0
431.75,89.5439316840003,125.89176384806039,0
432.0,89.33057084566757,125.76146744494062,0
432.25,89.11721000733483,125.63117104182085,0
432.5,88.9038491690021,125.50087463870108,0
432.75,88.69048833066937,125.3705782355813,0
433.0,88.4575399005228,125.27983117561651,0
433.25,88.22459147037624,125.18908411565171,0
433.5,87.99164304022968,125.09833705568691,0
433.75,87.75869461008311,125.00758999572211,0
434.0,87.53809422135663,124.88996572741951,0
434.25,87.31749383263015,124.7723414591169,0
434.5,87.09689344390367,124.6547171908143,0
434.75,86.87629305517719,124.53709292251169,0
435.0,86.66264797246147,124.40726311610577,0
435.25,86.44900288974576,124.27743330969984,0
435.5,86.23535780703004,124.14760350329392,0
435.75,86.02171272431433,124.017773696888,0
436.0,85.81053868341594,123.88396217103673,0
436.25,85.59936464251756,123.75015064518546,0
436.5,85.38819060161917,123.61633911933419,0
436.75,85.17701656072079,123.48252759348291,0
437.0,84.96332815511558,123.35276910509043,0
437.25,84.74963974951037,123.22301061669795,0
437.5,84.53595134390515,123.09325212830547,0
437.75,84.32226293829994,122.96349363991298,0
438.0,84.0937969270711,122.86198855770927,0
438.25,83.86533091584225,122.76048347550555,0
438.5,83.6368649046134,122.65897839330184,0
438.75,83.40839889338456,122.55747331109812,0
439.0,83.18504449169355,122.44516653817124,0
439.25,82.96169009000253,122.33285976524435,0
439.5,82.73833568831152,122.22055299231747,0
439.75,82.51498128662051,122.10824621939058,0
440.0,82.3120804914,121.96219394347924,0
440.25,82.10917969617948,121.81614166756789,0
440.5,81.90627890095897,121.67008939165655,0
440.75,81.70337810573845,121.5240371157452,0
441.0,81.48968279330423,121.39429000231436,0
441.25,81.27598748087,121.26454288888353,0
441.5,81.06229216843577,121.13479577545269,0
441.75,80.84859685600155,121.00504866202185,0
442.0,80.62845508356622,120.88656828377705,0
442.25,80.4083133111309,120.76808790553225,0
442.5,80.18817153869557,120.64960752728746,0
442.75,79.96802976626024,120.53112714904266,0
443.0,79.77070062467577,120.37763053708808,0
443.25,79.5733714830913,120.2241339251335,0
443.5,79.37604234150682,120.07063731317892,0
443.75,79.17871319992234,119.91714070122434,0
444.0,78.97440645894007,119.77306171042693,0
444.25,78.77009971795779,119.62898271962952,0
444.5,78.56579297697552,119.48490372883211,0
444.75,78.36148623599324,119.3408247380347,0
445.0,78.16492767191387,119.18634260027419,0
445.25,77.9683691078345,119.03186046251368,0
445.5,77.77181054375514,118.87737832475317,0
445.75,77.57525197967577,118.72289618699266,0
446.0,77.39785140086673,118.54674558484149,0
446.25,77.22045082205769,118.37059498269032,0
446.5,77.04305024324864,118.19444438053915,0
446.75,76.8656496644396,118.01829377838799,0
447.0,76.65667274891055,117.88107625481331,0
447.25,76.4476958333815,117.74385873123865,0
447.5,76.23871891785245,117.60664120766398,0
447.75,76.0297420023234,117.46942368408932,0
448.0,75.8111353079696,117.34813430622093,0
448.25,75.59252861361578,117.22684492835253,0
448.5,75.37392191926197,117.10555555048414,0
448.75,75.15531522490816,116.98426617261575,0
449.0,74.91840385099495,116.9044350952677,0
449.25,74.68149247708173,116.82460401791965,0
449.5,74.44458110316852,116.74477294057161,0
449.75,74.2076697292553,116.66494186322356,0
450.0,73.97030216222599,116.58647761580738,0
450.25,73.73293459519668,116.5080133683912,0
450.5,73.49556702816737,116.42954912097503,0
450.75,73.25819946113806,116.35108487355885,0
451.0,73.03299339098731,116.24253891109475,0
451.25,72.80778732083657,116.13399294863066,0
451.5,72.58258125068582,116.02544698616657,0
451.75,72.35737518053507,115.91690102370248,0
452.0,72.12668925174063,115.82054749623073,0
452.25,71.89600332294619,115.72419396875898,0
452.5,71.66531739415174,115.62784044128723,0
452.75,71.4346314653573,115.53148691381548,0
453.0,71.19147396710908,115.473397060608,0
453.25,70.94831646886085,115.4153072074005,0
453.5,70.70515897061263,115.35721735419301,0
453.75,70.4620014723644,115.29912750098552,0
454.0,70.21662635222788,115.25126258253802,0
454.25,69.97125123209135,115.20339766409052,0
454.5,69.72587611195482,115.15553274564301,0
454.75,69.48050099181829,115.10766782719551,0
455.0,69.23596654926362,115.05567834360049,0
455.25,68.99143210670896,115.00368886000547,0
455.5,68.74689766415429,114.95169937641045,0
455.75,68.50236322159962,114.89970989281542,0
456.0,68.25239310579286,114.89584450751043,0
456.25,68.0024229899861,114.89197912220544,0
456.5,67.75245287417934,114.88811373690045,0
456.75,67.50248275837258,114.88424835159546,0
457.0,67.2556443173044,114.9238814691997,0
457.25,67.00880587623622,114.96351458680394,0
457.5,66.76196743516805,115.00314770440818,0
457.75,66.51512899409987,115.04278082201242,0
458.0,66.28001113590412,115.12774900874984,0
458.25,66.04489327770837,115.21271719548727,0
458.5,65.80977541951262,115.2976853822247,0
458.75,65.57465756131687,115.38265356896213,0
459.0,65.32778644669949,115.42208265426186,0
459.25,65.08091533208211,115.46151173956159,0
459.5,64.83404421746474,115.50094082486132,0
459.75,64.58717310284736,115.54036991016105,0
460.0,64.33737309026037,115.55036759547029,0
460.25,64.08757307767338,115.56036528077954,0
460.5,63.8377730650864,115.57036296608878,0
460.75,63.58797305249942,115.58036065139802,0
461.0,63.3396525016744,115.60928994516676,0
461.25,63.09133195084938,115.6382192389355,0
461.5,62.84301140002436,115.66714853270425,0
461.75,62.59469084919934,115.69607782647299,0
462.0,62.34473958981599,115.70101421509996,0
462.25,62.094788330432635,115.70595060372693,0
462.5,61.844837071049284,115.7108869923539,0
462.75,61.59488581166593,115.71582338098088,0
463.0,61.350041383013405,115.76633284304312,0
463.25,61.10519695436088,115.81684230510535,0
463.5,60.86035252570835,115.86735176716759,0
463.75,60.61550809705582,115.91786122922983,0
464.0,60.37375849881683,115.98155684722106,0
464.25,60.13200890057783,116.04525246521229,0
464.5,59.89025930233883,116.10894808320352,0
464.75,59.64850970409984,116.17264370119474,0
465.0,59.399435412669696,116.19413782477712,0
465.25,59.150361121239555,116.21563194835949,0
465.5,58.901286829809415,116.23712607194186,0
465.75,58.652212538379274,116.25862019552423,0
466.0,58.40678742773822,116.30622812623778,0
466.25,58.16136231709717,116.35383605695134,0
466.5,57.91593720645612,116.40144398766489,0
466.75,57.67051209581507,116.44905191837844,0
467.0,57.42122734979333,116.46794941559034,0
467.25,57.17194260377158,116.48684691280224,0
467.5,56.92265785774984,116.50574441001413,0
467.75,56.6733731117281,116.52464190722603,0
468.0,56.42565398978592,116.49094863454144,0
468.25,56.177934867843746,116.45725536185685,0
468.5,55.93021574590157,116.42356208917226,0
468.75,55.682496623959395,116.38986881648768,0
469.0,55.43537194055884,116.35206153075893,0
469.25,55.18824725715828,116.31425424503018,0
469.5,54.941122573757724,116.27644695930144,0
469.75,54.69399789035717,116.23863967357269,0
470.0,54.44895256087537,116.18911405899641,0
470.25,54.20390723139357,116.13958844442013,0
470.5,53.958861901911774,116.09006282984384,0
470.75,53.71381657242998,116.04053721526756,0
471.0,53.46952776480705,115.98740550656018,0
471.25,53.22523895718412,115.9342737978528,0
471.5,52.98095014956119,115.88114208914541,0
471.75,52.73666134193826,115.82801038043803,0
472.0,52.489642884409626,115.78951516462912,0
472.25,52.242624426880994,115.75101994882021,0
472.5,51.99560596935236,115.7125247330113,0
472.75,51.74858751182373,115.6740295172024,0
473.0,51.50147912257071,115.63611587901272,0
473.25,51.254370733317685,115.59820224082304,0
473.5,51.007262344064664,115.56028860263336,0
473.75,50.76015395481164,115.52237496444369,0
474.0,50.52182056048477,115.44689521120728,0
474.25,50.2834871661579,115.37141545797087,0
474.5,50.045153771831025,115.29593570473446,0
474.75,49.80682037750415,115.22045595149805,0
475.0,49.55757955050569,115.20098776829762,0
475.25,49.308338723507234,115.18151958509719,0
475.5,49.059097896508774,115.16205140189676,0
475.75,48.809857069510315,115.14258321869633,0
476.0,48.56737664674859,115.08172892897657,0
476.25,48.32489622398687,115.02087463925682,0
476.5,48.082415801225146,114.96002034953706,0
476.75,47.83993537846342,114.8991660598173,0
477.0,47.59827450087572,114.83513465936767,0
477.25,47.35661362328801,114.77110325891803,0
477.5,47.11495274570031,114.7070718584684,0
477.75,46.8732918681126,114.64304045801876,0
478.0,46.638663496048245,114.55672981543958,0
478.25,46.40403512398389,114.4704191728604,0
478.5,46.16940675191953,114.38410853028122,0
478.75,45.934778379855175,114.29779788770205,0
479.0,45.6921360860352,114.23759226296666,0
479.25,45.44949379221522,114.17738663823127,0
479.5,45.206851498395245,114.11718101349588,0
479.75,44.96420920457527,114.05697538876049,0
480.0,44.733388228597256,113.96094582535132,0
480.25,44.502567252619244,113.86491626194214,0
480.5,44.27174627664123,113.76888669853297,0
480.75,44.04092530066322,113.67285713512379,0
481.0,43.83363694047234,113.5331018642773,0
481.25,43.62634858028146,113.3933465934308,0
481.5,43.41906022009058,113.25359132258431,0
481.75,43.2117718598997,113.11383605173782,0
482.0,43.03117538241581,112.9409635197369,0
482.25,42.85057890493192,112.76809098773597,0
482.5,42.66998242744803,112.59521845573505,0
482.75,42.489385949964145,112.42234592373413,0
483.0,42.3408259520992,112.22127397881299,0
483.25,42.19226595423426,112.02020203389185,0
483.5,42.043705956369315,111.81913008897071,0
483.75,41.89514595850437,111.61805814404957,0
484.0,41.792217121239894,111.39023001922872,0
484.25,41.689288283975415,111.16240189440788,0
484.5,41.58635944671094,110.93457376958703,0
484.75,41.48343060944646,110.70674564476619,0
485.0,41.41182769212736,110.46721898188417,0
485.25,41.34022477480826,110.22769231900216,0
485.5,41.268621857489165,109.98816565612015,0
485.75,41.19701894017007,109.74863899323813,0
486.0,41.10492964724751,109.51621790527703,0
486.25,41.01284035432495,109.28379681731593,0
486.5,40.92075106140239,109.05137572935483,0
486.75,40.82866176847983,108.81895464139373,0
487.0,40.698173264070405,108.6057112353597,0
487.25,40.56768475966098,108.39246782932568,0
487.5,40.43719625525155,108.17922442329166,0
487.75,40.30670775084212,107.96598101725763,0
488.0,40.143989335230984,107.77618450195506,0
488.25,39.981270919619845,107.58638798665248,0
488.5,39.81855250400871,107.39659147134991,0
488.75,39.65583408839757,107.20679495604733,0
489.0,39.53858413690995,106.98599538884633,0
489.25,39.421334185422324,106.76519582164534,0
489.5,39.3040842339347,106.54439625444434,0
489.75,39.18683428244708,106.32359668724334,0
490.0,39.08717661416409,106.09431880092981,0
490.25,38.987518945881106,105.86504091461629,0
490.5,38.88786127759812,105.63576302830276,0
490.75,38.78820360931513,105.40648514198924,0
491.0,38.72780132812866,105.16389172817206,0
491.25,38.667399046942194,104.92129831435489,0
491.5,38.606996765755724,104.67870490053771,0
491.75,38.546594484569255,104.43611148672053,0
492.0,38.4371719830874,104.21133000134094,0
492.25,38.32774948160555,103.98654851596135,0
492.5,38.2183269801237,103.76176703058175,0
492.75,38.10890447864185,103.53698554520216,0
493.0,38.005482505629175,103.30938085391007,0
493.25,37.9020605326165,103.08177616261798,0
493.5,37.79863855960383,102.8541714713259,0
493.75,37.69521658659116,102.62656678003381,0
494.0,37.646530259173126,102.38135331889731,0
494.25,37.597843931755094,102.13613985776081,0
494.5,37.54915760433706,101.89092639662431,0
494.75,37.50047127691903,101.64571293548781,0
495.0,37.42617794694111,101.4070070471633,0
495.25,37.35188461696319,101.1683011588388,0
495.5,37.27759128698527,100.9295952705143,0
495.75,37.20329795700735,100.6908893821898,0
496.0,37.146585620994614,100.44740691681707,0
496.25,37.08987328498188,100.20392445144435,0
496.5,37.03316094896914,99.96044198607163,0
496.75,36.9764486129564,99.71695952069891,0
497.0,36.91488761877367,99.47465755208282,0
497.25,36.853326624590935,99.23235558346673,0
497.5,36.7917656304082,98.99005361485064,0
497.75,36.730204636225466,98.74775164623455,0
498.0,36.671123413862766,98.50483312251903,0
498.25,36.612042191500066,98.26191459880351,0
498.5,36.55296096913737,98.018996075088,0
498.75,36.49387974677467,97.77607755137248,0
499.0,36.42205027618282,97.53661872995532,0
499.25,36.35022080559098,97.29715990853816,0
499.5,36.278391334999135,97.057701087121,0
499.75,36.20656186440729,96.81824226570384,0
