1300,1,11.0.0.356,11.0.0.500
1300,1,11.0.0.356,11.0.0.500
1300,1,11.0.0.356,11.0.0.500
1300,2,11.0.0.356,11.0.0.729
1300,2,11.0.0.356,11.0.0.729
1300,6,11.0.0.356,11.0.0.496
1300,6,11.0.0.356,11.0.0.496
1300,7,11.0.0.356,11.0.0.239
1300,7,11.0.0.356,11.0.0.239
1300,8,11.0.0.356,11.0.0.273
1300,8,11.0.0.356,11.0.0.273
1300,10,11.0.0.356,11.0.0.47
1300,11,11.0.0.356,11.0.0.628
1300,11,11.0.0.356,11.0.0.628
1300,15,11.0.0.356,11.0.0.563
1300,15,11.0.0.356,11.0.0.563
1300,15,11.0.0.356,11.0.0.563
1300,16,11.0.0.356,11.0.0.408
1300,16,11.0.0.356,11.0.0.408
1300,17,11.0.0.356,11.0.0.726
1300,17,11.0.0.356,11.0.0.726
1300,18,11.0.0.356,11.0.0.740
1300,18,11.0.0.356,11.0.0.740
1300,18,11.0.0.356,11.0.0.740
1300,23,11.0.0.356,11.0.0.740
1300,23,11.0.0.356,11.0.0.740
1300,23,11.0.0.356,11.0.0.740
1300,25,11.0.0.356,11.0.0.442
1300,25,11.0.0.356,11.0.0.442
1300,30,11.0.0.356,11.0.0.448
1300,30,11.0.0.356,11.0.0.448
1300,31,11.0.0.356,11.0.0.230
1300,33,11.0.0.356,11.0.0.725
1300,33,11.0.0.356,11.0.0.725
1300,34,11.0.0.356,11.0.0.572
1300,34,11.0.0.356,11.0.0.572
1300,34,11.0.0.356,11.0.0.572
1300,35,11.0.0.356,11.0.0.311
1300,35,11.0.0.356,11.0.0.311
1300,37,11.0.0.356,11.0.0.138
1300,37,11.0.0.356,11.0.0.138
1300,40,11.0.0.356,11.0.0.198
1300,40,11.0.0.356,11.0.0.198
1300,41,11.0.0.356,11.0.0.303
1300,41,11.0.0.356,11.0.0.303
1300,41,11.0.0.356,11.0.0.303
1300,47,11.0.0.356,11.0.0.214
1300,47,11.0.0.356,11.0.0.214
1300,49,11.0.0.356,11.0.0.378
1300,49,11.0.0.356,11.0.0.378
1300,51,11.0.0.356,11.0.0.581
1300,51,11.0.0.356,11.0.0.581
1300,51,11.0.0.356,11.0.0.581
1300,55,11.0.0.356,11.0.0.456
1300,55,11.0.0.356,11.0.0.456
1300,56,11.0.0.356,11.0.0.512
1300,56,11.0.0.356,11.0.0.512
1300,57,11.0.0.356,11.0.0.68
1300,57,11.0.0.356,11.0.0.68
1300,57,11.0.0.356,11.0.0.68
1300,58,11.0.0.356,11.0.0.767
1300,58,11.0.0.356,11.0.0.767
1300,60,11.0.0.356,11.0.0.718
1300,60,11.0.0.356,11.0.0.718
1300,60,11.0.0.356,11.0.0.718
1300,61,11.0.0.356,11.0.0.39
1300,61,11.0.0.356,11.0.0.39
1300,61,11.0.0.356,11.0.0.39
1300,63,11.0.0.356,11.0.0.135
1300,63,11.0.0.356,11.0.0.135
1300,67,11.0.0.356,11.0.0.132
1300,67,11.0.0.356,11.0.0.132
1300,68,11.0.0.356,11.0.0.782
1300,68,11.0.0.356,11.0.0.782
1300,71,11.0.0.356,11.0.0.355
1300,71,11.0.0.356,11.0.0.355
1300,72,11.0.0.356,11.0.0.708
1300,72,11.0.0.356,11.0.0.708
1300,72,11.0.0.356,11.0.0.708
1300,73,11.0.0.356,11.0.0.500
1300,73,11.0.0.356,11.0.0.500
1300,73,11.0.0.356,11.0.0.500
1300,74,11.0.0.356,11.0.0.425
1300,78,11.0.0.356,11.0.0.726
1300,79,11.0.0.356,11.0.0.154
1300,79,11.0.0.356,11.0.0.154
1300,81,11.0.0.356,11.0.0.156
1300,82,11.0.0.356,11.0.0.563
1300,83,11.0.0.356,11.0.0.135
1300,83,11.0.0.356,11.0.0.135
1300,87,11.0.0.356,11.0.0.545
1300,87,11.0.0.356,11.0.0.545
1300,88,11.0.0.356,11.0.0.383
1300,88,11.0.0.356,11.0.0.383
1300,88,11.0.0.356,11.0.0.383
1300,90,11.0.0.356,11.0.0.362
1300,91,11.0.0.356,11.0.0.311
1300,91,11.0.0.356,11.0.0.311
1300,93,11.0.0.356,11.0.0.80
1300,93,11.0.0.356,11.0.0.80
1300,93,11.0.0.356,11.0.0.80
1300,94,11.0.0.356,11.0.0.156
1300,94,11.0.0.356,11.0.0.156
1300,97,11.0.0.356,11.0.0.132
1300,97,11.0.0.356,11.0.0.132
1300,99,11.0.0.356,11.0.0.781
1300,99,11.0.0.356,11.0.0.781
1300,100,11.0.0.356,11.0.0.83
1300,100,11.0.0.356,11.0.0.83
1300,101,11.0.0.356,11.0.0.426
1300,101,11.0.0.356,11.0.0.426
1300,101,11.0.0.356,11.0.0.426
1300,105,11.0.0.356,11.0.0.80
1300,105,11.0.0.356,11.0.0.80
1300,109,11.0.0.356,11.0.0.695
1300,109,11.0.0.356,11.0.0.695
1300,110,11.0.0.356,11.0.0.529
1300,110,11.0.0.356,11.0.0.529
1300,114,11.0.0.356,11.0.0.740
1300,114,11.0.0.356,11.0.0.740
1300,115,11.0.0.356,11.0.0.782
1300,116,11.0.0.356,11.0.0.83
1300,118,11.0.0.356,11.0.0.701
1300,118,11.0.0.356,11.0.0.701
1300,119,11.0.0.356,11.0.0.684
1300,119,11.0.0.356,11.0.0.684
1300,119,11.0.0.356,11.0.0.684
1300,121,11.0.0.356,11.0.0.766
1300,121,11.0.0.356,11.0.0.766
1300,122,11.0.0.356,11.0.0.383
1300,123,11.0.0.356,11.0.0.355
1300,123,11.0.0.356,11.0.0.355
1300,123,11.0.0.356,11.0.0.355
1300,128,11.0.0.356,11.0.0.708
1300,128,11.0.0.356,11.0.0.708
1300,128,11.0.0.356,11.0.0.708
1300,131,11.0.0.356,11.0.0.581
1300,131,11.0.0.356,11.0.0.581
1300,132,11.0.0.356,11.0.0.672
1300,132,11.0.0.356,11.0.0.672
1300,132,11.0.0.356,11.0.0.672
1300,133,11.0.0.356,11.0.0.311
1300,133,11.0.0.356,11.0.0.311
1300,133,11.0.0.356,11.0.0.311
1300,134,11.0.0.356,11.0.0.70
1300,134,11.0.0.356,11.0.0.70
1300,137,11.0.0.356,11.0.0.68
1300,137,11.0.0.356,11.0.0.68
1300,137,11.0.0.356,11.0.0.68
1300,138,11.0.0.356,11.0.0.425
1300,138,11.0.0.356,11.0.0.425
1300,140,11.0.0.356,11.0.0.355
1300,140,11.0.0.356,11.0.0.355
1300,141,11.0.0.356,11.0.0.408
1300,142,11.0.0.356,11.0.0.259
1300,143,11.0.0.356,11.0.0.230
1300,143,11.0.0.356,11.0.0.230
1300,145,11.0.0.356,11.0.0.3
1300,145,11.0.0.356,11.0.0.3
1300,145,11.0.0.356,11.0.0.3
1300,150,11.0.0.356,11.0.0.22
1300,152,11.0.0.356,11.0.0.665
1300,152,11.0.0.356,11.0.0.665
1300,152,11.0.0.356,11.0.0.665
1300,153,11.0.0.356,11.0.0.214
1300,153,11.0.0.356,11.0.0.214
1300,157,11.0.0.356,11.0.0.755
1300,157,11.0.0.356,11.0.0.755
1300,158,11.0.0.356,11.0.0.472
1300,158,11.0.0.356,11.0.0.472
1300,160,11.0.0.356,11.0.0.684
1300,160,11.0.0.356,11.0.0.684
1300,160,11.0.0.356,11.0.0.684
1300,163,11.0.0.356,11.0.0.266
1300,166,11.0.0.356,11.0.0.138
1300,166,11.0.0.356,11.0.0.138
1300,166,11.0.0.356,11.0.0.138
1300,167,11.0.0.356,11.0.0.51
1300,169,11.0.0.356,11.0.0.672
1300,169,11.0.0.356,11.0.0.672
1300,172,11.0.0.356,11.0.0.154
1300,174,11.0.0.356,11.0.0.225
1300,174,11.0.0.356,11.0.0.225
1300,174,11.0.0.356,11.0.0.225
1300,175,11.0.0.356,11.0.0.234
1300,175,11.0.0.356,11.0.0.234
1300,175,11.0.0.356,11.0.0.234
1300,177,11.0.0.356,11.0.0.120
1300,177,11.0.0.356,11.0.0.120
1300,178,11.0.0.356,11.0.0.529
1300,178,11.0.0.356,11.0.0.529
1300,178,11.0.0.356,11.0.0.529
1300,179,11.0.0.356,11.0.0.394
1300,179,11.0.0.356,11.0.0.394
1300,179,11.0.0.356,11.0.0.394
1300,180,11.0.0.356,11.0.0.244
1300,180,11.0.0.356,11.0.0.244
1300,182,11.0.0.356,11.0.0.208
1300,182,11.0.0.356,11.0.0.208
1300,183,11.0.0.356,11.0.0.266
1300,183,11.0.0.356,11.0.0.266
1300,184,11.0.0.356,11.0.0.225
1300,184,11.0.0.356,11.0.0.225
1300,186,11.0.0.356,11.0.0.588
1300,186,11.0.0.356,11.0.0.588
1300,187,11.0.0.356,11.0.0.442
1300,187,11.0.0.356,11.0.0.442
1300,187,11.0.0.356,11.0.0.442
1300,190,11.0.0.356,11.0.0.280
1300,190,11.0.0.356,11.0.0.280
1300,191,11.0.0.356,11.0.0.695
1300,191,11.0.0.356,11.0.0.695
1300,191,11.0.0.356,11.0.0.695
1300,193,11.0.0.356,11.0.0.244
1300,194,11.0.0.356,11.0.0.563
1300,194,11.0.0.356,11.0.0.563
1300,194,11.0.0.356,11.0.0.563
1300,197,11.0.0.356,11.0.0.448
1300,197,11.0.0.356,11.0.0.448
1300,199,11.0.0.356,11.0.0.408
1300,200,11.0.0.356,11.0.0.581
1300,200,11.0.0.356,11.0.0.581
1300,203,11.0.0.356,11.0.0.311
1300,203,11.0.0.356,11.0.0.311
1300,206,11.0.0.356,11.0.0.223
1300,206,11.0.0.356,11.0.0.223
1300,207,11.0.0.356,11.0.0.695
1300,208,11.0.0.356,11.0.0.280
1300,211,11.0.0.356,11.0.0.22
1300,211,11.0.0.356,11.0.0.22
1300,211,11.0.0.356,11.0.0.22
1300,212,11.0.0.356,11.0.0.251
1300,212,11.0.0.356,11.0.0.251
1300,213,11.0.0.356,11.0.0.447
1300,214,11.0.0.356,11.0.0.135
1300,214,11.0.0.356,11.0.0.135
1300,217,11.0.0.356,11.0.0.529
1300,217,11.0.0.356,11.0.0.529
1300,219,11.0.0.356,11.0.0.372
1300,219,11.0.0.356,11.0.0.372
1300,219,11.0.0.356,11.0.0.372
1300,222,11.0.0.356,11.0.0.47
1300,223,11.0.0.356,11.0.0.729
1300,223,11.0.0.356,11.0.0.729
1300,224,11.0.0.356,11.0.0.621
1300,224,11.0.0.356,11.0.0.621
1300,224,11.0.0.356,11.0.0.621
1300,226,11.0.0.356,11.0.0.138
1300,228,11.0.0.356,11.0.0.586
1300,228,11.0.0.356,11.0.0.586
1300,229,11.0.0.356,11.0.0.135
1300,229,11.0.0.356,11.0.0.135
1300,231,11.0.0.356,11.0.0.701
1300,231,11.0.0.356,11.0.0.701
1300,235,11.0.0.356,11.0.0.515
1300,235,11.0.0.356,11.0.0.515
1300,235,11.0.0.356,11.0.0.515
1300,238,11.0.0.356,11.0.0.767
1300,238,11.0.0.356,11.0.0.767
1300,238,11.0.0.356,11.0.0.767
1300,239,11.0.0.356,11.0.0.552
1300,239,11.0.0.356,11.0.0.552
1300,240,11.0.0.356,11.0.0.708
1300,240,11.0.0.356,11.0.0.708
1300,241,11.0.0.356,11.0.0.538
1300,241,11.0.0.356,11.0.0.538
1300,242,11.0.0.356,11.0.0.729
1300,242,11.0.0.356,11.0.0.729
1300,242,11.0.0.356,11.0.0.729
1300,244,11.0.0.356,11.0.0.581
1300,245,11.0.0.356,11.0.0.726
1300,245,11.0.0.356,11.0.0.726
1300,245,11.0.0.356,11.0.0.726
1300,248,11.0.0.356,11.0.0.152
1300,248,11.0.0.356,11.0.0.152
1300,248,11.0.0.356,11.0.0.152
1300,251,11.0.0.356,11.0.0.316
1300,251,11.0.0.356,11.0.0.316
1300,254,11.0.0.356,11.0.0.152
1300,254,11.0.0.356,11.0.0.152
1300,254,11.0.0.356,11.0.0.152
1300,255,11.0.0.356,11.0.0.154
1300,255,11.0.0.356,11.0.0.154
1300,256,11.0.0.356,11.0.0.672
1300,256,11.0.0.356,11.0.0.672
1300,256,11.0.0.356,11.0.0.672
1300,257,11.0.0.356,11.0.0.198
1300,257,11.0.0.356,11.0.0.198
1300,258,11.0.0.356,11.0.0.448
1300,258,11.0.0.356,11.0.0.448
1300,260,11.0.0.356,11.0.0.212
1300,260,11.0.0.356,11.0.0.212
1300,263,11.0.0.356,11.0.0.552
1300,263,11.0.0.356,11.0.0.552
1300,265,11.0.0.356,11.0.0.68
1300,265,11.0.0.356,11.0.0.68
1300,266,11.0.0.356,11.0.0.251
1300,266,11.0.0.356,11.0.0.251
1300,270,11.0.0.356,11.0.0.214
1300,270,11.0.0.356,11.0.0.214
1300,270,11.0.0.356,11.0.0.214
1300,279,11.0.0.356,11.0.0.552
1300,279,11.0.0.356,11.0.0.552
1300,280,11.0.0.356,11.0.0.377
1300,280,11.0.0.356,11.0.0.377
1300,281,11.0.0.356,11.0.0.500
1300,284,11.0.0.356,11.0.0.697
1300,287,11.0.0.356,11.0.0.643
1300,287,11.0.0.356,11.0.0.643
1300,287,11.0.0.356,11.0.0.643
1300,289,11.0.0.356,11.0.0.120
1300,289,11.0.0.356,11.0.0.120
1300,292,11.0.0.356,11.0.0.563
1300,292,11.0.0.356,11.0.0.563
1300,295,11.0.0.356,11.0.0.781
1300,295,11.0.0.356,11.0.0.781
1300,296,11.0.0.356,11.0.0.266
1300,296,11.0.0.356,11.0.0.266
1300,296,11.0.0.356,11.0.0.266
1300,298,11.0.0.356,11.0.0.672
1300,301,11.0.0.356,11.0.0.621
1300,301,11.0.0.356,11.0.0.621
1300,302,11.0.0.356,11.0.0.426
1300,302,11.0.0.356,11.0.0.426
1300,302,11.0.0.356,11.0.0.426
1300,303,11.0.0.356,11.0.0.408
1300,305,11.0.0.356,11.0.0.588
1300,305,11.0.0.356,11.0.0.588
1300,307,11.0.0.356,11.0.0.708
1300,308,11.0.0.356,11.0.0.198
1300,309,11.0.0.356,11.0.0.725
1300,309,11.0.0.356,11.0.0.725
1300,310,11.0.0.356,11.0.0.459
1300,310,11.0.0.356,11.0.0.459
1300,313,11.0.0.356,11.0.0.234
1300,313,11.0.0.356,11.0.0.234
1300,314,11.0.0.356,11.0.0.563
1300,314,11.0.0.356,11.0.0.563
1300,316,11.0.0.356,11.0.0.273
1300,316,11.0.0.356,11.0.0.273
1300,316,11.0.0.356,11.0.0.273
1300,317,11.0.0.356,11.0.0.766
1300,317,11.0.0.356,11.0.0.766
1300,318,11.0.0.356,11.0.0.718
1300,318,11.0.0.356,11.0.0.718
1300,318,11.0.0.356,11.0.0.718
1300,321,11.0.0.356,11.0.0.740
1300,321,11.0.0.356,11.0.0.740
1300,327,11.0.0.356,11.0.0.512
1300,328,11.0.0.356,11.0.0.588
1300,328,11.0.0.356,11.0.0.588
1300,328,11.0.0.356,11.0.0.588
1300,329,11.0.0.356,11.0.0.273
1300,329,11.0.0.356,11.0.0.273
1300,330,11.0.0.356,11.0.0.482
1300,330,11.0.0.356,11.0.0.482
1300,332,11.0.0.356,11.0.0.214
1300,332,11.0.0.356,11.0.0.214
1300,333,11.0.0.356,11.0.0.22
1300,334,11.0.0.356,11.0.0.504
1300,334,11.0.0.356,11.0.0.504
1300,334,11.0.0.356,11.0.0.504
1300,335,11.0.0.356,11.0.0.643
1300,335,11.0.0.356,11.0.0.643
1300,336,11.0.0.356,11.0.0.80
1300,336,11.0.0.356,11.0.0.80
1300,337,11.0.0.356,11.0.0.755
1300,340,11.0.0.356,11.0.0.251
1300,342,11.0.0.356,11.0.0.697
1300,342,11.0.0.356,11.0.0.697
1300,343,11.0.0.356,11.0.0.552
1300,347,11.0.0.356,11.0.0.529
1300,351,11.0.0.356,11.0.0.703
1300,351,11.0.0.356,11.0.0.703
1300,352,11.0.0.356,11.0.0.80
1300,352,11.0.0.356,11.0.0.80
1300,352,11.0.0.356,11.0.0.80
1300,353,11.0.0.356,11.0.0.214
1300,353,11.0.0.356,11.0.0.214
1300,354,11.0.0.356,11.0.0.588
1300,354,11.0.0.356,11.0.0.588
1300,359,11.0.0.356,11.0.0.703
1300,359,11.0.0.356,11.0.0.703
1300,359,11.0.0.356,11.0.0.703
1300,360,11.0.0.356,11.0.0.684
1300,360,11.0.0.356,11.0.0.684
1300,360,11.0.0.356,11.0.0.684
1300,362,11.0.0.356,11.0.0.725
1300,362,11.0.0.356,11.0.0.725
1300,365,11.0.0.356,11.0.0.572
1300,365,11.0.0.356,11.0.0.572
1300,366,11.0.0.356,11.0.0.230
1300,366,11.0.0.356,11.0.0.230
1300,366,11.0.0.356,11.0.0.230
1300,367,11.0.0.356,11.0.0.659
1300,367,11.0.0.356,11.0.0.659
1300,367,11.0.0.356,11.0.0.659
1300,369,11.0.0.356,11.0.0.703
1300,369,11.0.0.356,11.0.0.703
1300,370,11.0.0.356,11.0.0.273
1300,370,11.0.0.356,11.0.0.273
1300,372,11.0.0.356,11.0.0.782
1300,374,11.0.0.356,11.0.0.132
1300,374,11.0.0.356,11.0.0.132
1300,376,11.0.0.356,11.0.0.70
1300,376,11.0.0.356,11.0.0.70
1300,377,11.0.0.356,11.0.0.51
1300,377,11.0.0.356,11.0.0.51
1300,382,11.0.0.356,11.0.0.281
1300,382,11.0.0.356,11.0.0.281
1300,383,11.0.0.356,11.0.0.234
1300,384,11.0.0.356,11.0.0.311
1300,384,11.0.0.356,11.0.0.311
1300,384,11.0.0.356,11.0.0.311
1300,385,11.0.0.356,11.0.0.766
1300,385,11.0.0.356,11.0.0.766
1300,385,11.0.0.356,11.0.0.766
1300,386,11.0.0.356,11.0.0.120
1300,386,11.0.0.356,11.0.0.120
1300,386,11.0.0.356,11.0.0.120
1300,387,11.0.0.356,11.0.0.695
1300,387,11.0.0.356,11.0.0.695
1300,387,11.0.0.356,11.0.0.695
1300,394,11.0.0.356,11.0.0.242
1300,394,11.0.0.356,11.0.0.242
1300,399,11.0.0.356,11.0.0.766
1300,399,11.0.0.356,11.0.0.766
1300,400,11.0.0.356,11.0.0.538
1300,400,11.0.0.356,11.0.0.538
1300,404,11.0.0.356,11.0.0.201
1300,404,11.0.0.356,11.0.0.201
1300,412,11.0.0.356,11.0.0.703
1300,412,11.0.0.356,11.0.0.703
1300,412,11.0.0.356,11.0.0.703
1300,413,11.0.0.356,11.0.0.152
1300,413,11.0.0.356,11.0.0.152
1300,413,11.0.0.356,11.0.0.152
1300,418,11.0.0.356,11.0.0.740
1300,418,11.0.0.356,11.0.0.740
1300,419,11.0.0.356,11.0.0.545
1300,419,11.0.0.356,11.0.0.545
1300,420,11.0.0.356,11.0.0.504
1300,420,11.0.0.356,11.0.0.504
1300,423,11.0.0.356,11.0.0.198
1300,423,11.0.0.356,11.0.0.198
1300,423,11.0.0.356,11.0.0.198
1300,424,11.0.0.356,11.0.0.372
1300,425,11.0.0.356,11.0.0.51
1300,425,11.0.0.356,11.0.0.51
1300,426,11.0.0.356,11.0.0.70
1300,428,11.0.0.356,11.0.0.68
1300,428,11.0.0.356,11.0.0.68
1300,432,11.0.0.356,11.0.0.68
1300,432,11.0.0.356,11.0.0.68
1300,433,11.0.0.356,11.0.0.223
1300,433,11.0.0.356,11.0.0.223
1300,435,11.0.0.356,11.0.0.684
1300,436,11.0.0.356,11.0.0.13
1300,436,11.0.0.356,11.0.0.13
1300,436,11.0.0.356,11.0.0.13
1300,437,11.0.0.356,11.0.0.512
1300,438,11.0.0.356,11.0.0.152
1300,438,11.0.0.356,11.0.0.152
1300,438,11.0.0.356,11.0.0.152
1300,441,11.0.0.356,11.0.0.212
1300,441,11.0.0.356,11.0.0.212
1300,442,11.0.0.356,11.0.0.472
1300,442,11.0.0.356,11.0.0.472
1300,442,11.0.0.356,11.0.0.472
1300,443,11.0.0.356,11.0.0.244
1300,443,11.0.0.356,11.0.0.244
1300,443,11.0.0.356,11.0.0.244
1300,451,11.0.0.356,11.0.0.80
1300,451,11.0.0.356,11.0.0.80
1300,453,11.0.0.356,11.0.0.628
1300,453,11.0.0.356,11.0.0.628
1300,453,11.0.0.356,11.0.0.628
1300,455,11.0.0.356,11.0.0.47
1300,455,11.0.0.356,11.0.0.47
1300,456,11.0.0.356,11.0.0.273
1300,456,11.0.0.356,11.0.0.273
1300,457,11.0.0.356,11.0.0.135
1300,457,11.0.0.356,11.0.0.135
1300,458,11.0.0.356,11.0.0.442
1300,458,11.0.0.356,11.0.0.442
1300,458,11.0.0.356,11.0.0.442
1300,459,11.0.0.356,11.0.0.701
1300,459,11.0.0.356,11.0.0.701
1300,460,11.0.0.356,11.0.0.586
1300,460,11.0.0.356,11.0.0.586
1300,460,11.0.0.356,11.0.0.586
1300,461,11.0.0.356,11.0.0.416
1300,461,11.0.0.356,11.0.0.416
1300,462,11.0.0.356,11.0.0.563
1300,462,11.0.0.356,11.0.0.563
1300,462,11.0.0.356,11.0.0.563
1300,463,11.0.0.356,11.0.0.708
1300,463,11.0.0.356,11.0.0.708
1300,463,11.0.0.356,11.0.0.708
1300,464,11.0.0.356,11.0.0.701
1300,464,11.0.0.356,11.0.0.701
1300,464,11.0.0.356,11.0.0.701
1300,471,11.0.0.356,11.0.0.223
1300,471,11.0.0.356,11.0.0.223
1300,475,11.0.0.356,11.0.0.781
1300,475,11.0.0.356,11.0.0.781
1300,476,11.0.0.356,11.0.0.234
1300,476,11.0.0.356,11.0.0.234
1300,476,11.0.0.356,11.0.0.234
1300,477,11.0.0.356,11.0.0.504
1300,477,11.0.0.356,11.0.0.504
1300,477,11.0.0.356,11.0.0.504
1300,479,11.0.0.356,11.0.0.459
1300,481,11.0.0.356,11.0.0.459
1300,482,11.0.0.356,11.0.0.703
1300,482,11.0.0.356,11.0.0.703
1300,483,11.0.0.356,11.0.0.198
1300,484,11.0.0.356,11.0.0.489
1300,484,11.0.0.356,11.0.0.489
1300,486,11.0.0.356,11.0.0.472
1300,487,11.0.0.356,11.0.0.208
1300,487,11.0.0.356,11.0.0.208
1300,488,11.0.0.356,11.0.0.259
1300,488,11.0.0.356,11.0.0.259
1300,489,11.0.0.356,11.0.0.242
1300,489,11.0.0.356,11.0.0.242
1300,492,11.0.0.356,11.0.0.208
1300,493,11.0.0.356,11.0.0.563
1300,493,11.0.0.356,11.0.0.563
1300,493,11.0.0.356,11.0.0.563
1300,494,11.0.0.356,11.0.0.51
1300,496,11.0.0.356,11.0.0.726
1300,496,11.0.0.356,11.0.0.726
1300,496,11.0.0.356,11.0.0.726
1300,503,11.0.0.356,11.0.0.726
1300,503,11.0.0.356,11.0.0.726
1300,505,11.0.0.356,11.0.0.721
1300,505,11.0.0.356,11.0.0.721
1300,507,11.0.0.356,11.0.0.120
1300,507,11.0.0.356,11.0.0.120
1300,507,11.0.0.356,11.0.0.120
1300,511,11.0.0.356,11.0.0.447
1300,511,11.0.0.356,11.0.0.447
1300,513,11.0.0.356,11.0.0.138
1300,513,11.0.0.356,11.0.0.138
1300,514,11.0.0.356,11.0.0.767
1300,514,11.0.0.356,11.0.0.767
1300,514,11.0.0.356,11.0.0.767
1300,515,11.0.0.356,11.0.0.512
1300,515,11.0.0.356,11.0.0.512
1300,516,11.0.0.356,11.0.0.504
1300,518,11.0.0.356,11.0.0.416
1300,518,11.0.0.356,11.0.0.416
1300,519,11.0.0.356,11.0.0.552
1300,519,11.0.0.356,11.0.0.552
1300,520,11.0.0.356,11.0.0.755
1300,520,11.0.0.356,11.0.0.755
1300,521,11.0.0.356,11.0.0.362
1300,521,11.0.0.356,11.0.0.362
1300,524,11.0.0.356,11.0.0.563
1300,524,11.0.0.356,11.0.0.563
1300,524,11.0.0.356,11.0.0.563
1300,525,11.0.0.356,11.0.0.316
1300,525,11.0.0.356,11.0.0.316
1300,525,11.0.0.356,11.0.0.316
1300,526,11.0.0.356,11.0.0.538
1300,526,11.0.0.356,11.0.0.538
1300,528,11.0.0.356,11.0.0.259
1300,528,11.0.0.356,11.0.0.259
1300,530,11.0.0.356,11.0.0.529
1300,530,11.0.0.356,11.0.0.529
1300,531,11.0.0.356,11.0.0.708
1300,533,11.0.0.356,11.0.0.377
1300,533,11.0.0.356,11.0.0.377
1300,533,11.0.0.356,11.0.0.377
1300,535,11.0.0.356,11.0.0.120
1300,538,11.0.0.356,11.0.0.672
1300,538,11.0.0.356,11.0.0.672
1300,540,11.0.0.356,11.0.0.718
1300,540,11.0.0.356,11.0.0.718
1300,541,11.0.0.356,11.0.0.239
1300,542,11.0.0.356,11.0.0.355
1300,542,11.0.0.356,11.0.0.355
1300,545,11.0.0.356,11.0.0.621
1300,546,11.0.0.356,11.0.0.223
1300,546,11.0.0.356,11.0.0.223
1300,547,11.0.0.356,11.0.0.456
1300,547,11.0.0.356,11.0.0.456
1300,548,11.0.0.356,11.0.0.726
1300,548,11.0.0.356,11.0.0.726
1300,549,11.0.0.356,11.0.0.708
1300,549,11.0.0.356,11.0.0.708
1300,549,11.0.0.356,11.0.0.708
1300,550,11.0.0.356,11.0.0.426
1300,551,11.0.0.356,11.0.0.703
1300,551,11.0.0.356,11.0.0.703
1300,553,11.0.0.356,11.0.0.725
1300,553,11.0.0.356,11.0.0.725
1300,554,11.0.0.356,11.0.0.442
1300,554,11.0.0.356,11.0.0.442
1300,559,11.0.0.356,11.0.0.621
1300,559,11.0.0.356,11.0.0.621
1300,559,11.0.0.356,11.0.0.621
1300,560,11.0.0.356,11.0.0.552
1300,560,11.0.0.356,11.0.0.552
1300,560,11.0.0.356,11.0.0.552
1300,561,11.0.0.356,11.0.0.456
1300,561,11.0.0.356,11.0.0.456
1300,562,11.0.0.356,11.0.0.587
1300,562,11.0.0.356,11.0.0.587
1300,564,11.0.0.356,11.0.0.311
1300,564,11.0.0.356,11.0.0.311
1300,564,11.0.0.356,11.0.0.311
1300,565,11.0.0.356,11.0.0.198
1300,565,11.0.0.356,11.0.0.198
1300,568,11.0.0.356,11.0.0.383
1300,569,11.0.0.356,11.0.0.24
1300,569,11.0.0.356,11.0.0.24
1300,570,11.0.0.356,11.0.0.695
1300,570,11.0.0.356,11.0.0.695
1300,570,11.0.0.356,11.0.0.695
1300,573,11.0.0.356,11.0.0.201
1300,573,11.0.0.356,11.0.0.201
1300,576,11.0.0.356,11.0.0.448
1300,576,11.0.0.356,11.0.0.448
1300,577,11.0.0.356,11.0.0.448
1300,577,11.0.0.356,11.0.0.448
1300,578,11.0.0.356,11.0.0.447
1300,581,11.0.0.356,11.0.0.447
1300,582,11.0.0.356,11.0.0.394
1300,582,11.0.0.356,11.0.0.394
1300,583,11.0.0.356,11.0.0.234
1300,583,11.0.0.356,11.0.0.234
1300,585,11.0.0.356,11.0.0.273
1300,586,11.0.0.356,11.0.0.552
1300,586,11.0.0.356,11.0.0.552
1300,587,11.0.0.356,11.0.0.378
1300,588,11.0.0.356,11.0.0.355
1300,588,11.0.0.356,11.0.0.355
1300,590,11.0.0.356,11.0.0.377
1300,590,11.0.0.356,11.0.0.377
1300,592,11.0.0.356,11.0.0.68
1300,592,11.0.0.356,11.0.0.68
1300,593,11.0.0.356,11.0.0.588
1300,593,11.0.0.356,11.0.0.588
1300,597,11.0.0.356,11.0.0.13
1300,598,11.0.0.356,11.0.0.225
1300,598,11.0.0.356,11.0.0.225
1300,602,11.0.0.356,11.0.0.766
1300,602,11.0.0.356,11.0.0.766
1300,603,11.0.0.356,11.0.0.156
1300,603,11.0.0.356,11.0.0.156
1300,605,11.0.0.356,11.0.0.538
1300,605,11.0.0.356,11.0.0.538
1300,605,11.0.0.356,11.0.0.538
1300,606,11.0.0.356,11.0.0.372
1300,606,11.0.0.356,11.0.0.372
1300,606,11.0.0.356,11.0.0.372
1300,609,11.0.0.356,11.0.0.489
1300,609,11.0.0.356,11.0.0.489
1300,612,11.0.0.356,11.0.0.545
1300,612,11.0.0.356,11.0.0.545
1300,614,11.0.0.356,11.0.0.378
1300,614,11.0.0.356,11.0.0.378
1300,614,11.0.0.356,11.0.0.378
1300,616,11.0.0.356,11.0.0.266
1300,618,11.0.0.356,11.0.0.362
1300,618,11.0.0.356,11.0.0.362
1300,618,11.0.0.356,11.0.0.362
1300,619,11.0.0.356,11.0.0.273
1300,619,11.0.0.356,11.0.0.273
1300,620,11.0.0.356,11.0.0.659
1300,620,11.0.0.356,11.0.0.659
1300,620,11.0.0.356,11.0.0.659
1300,621,11.0.0.356,11.0.0.266
1300,621,11.0.0.356,11.0.0.266
1300,622,11.0.0.356,11.0.0.659
1300,622,11.0.0.356,11.0.0.659
1300,624,11.0.0.356,11.0.0.552
1300,624,11.0.0.356,11.0.0.552
1300,626,11.0.0.356,11.0.0.214
1300,626,11.0.0.356,11.0.0.214
1300,626,11.0.0.356,11.0.0.214
1300,631,11.0.0.356,11.0.0.766
1300,631,11.0.0.356,11.0.0.766
1300,631,11.0.0.356,11.0.0.766
1300,632,11.0.0.356,11.0.0.587
1300,632,11.0.0.356,11.0.0.587
1300,633,11.0.0.356,11.0.0.552
1300,633,11.0.0.356,11.0.0.552
1300,633,11.0.0.356,11.0.0.552
1300,638,11.0.0.356,11.0.0.529
1300,638,11.0.0.356,11.0.0.529
1300,639,11.0.0.356,11.0.0.628
1300,639,11.0.0.356,11.0.0.628
1300,640,11.0.0.356,11.0.0.135
1300,640,11.0.0.356,11.0.0.135
1300,640,11.0.0.356,11.0.0.135
1300,641,11.0.0.356,11.0.0.214
1300,641,11.0.0.356,11.0.0.214
1300,643,11.0.0.356,11.0.0.24
1300,643,11.0.0.356,11.0.0.24
1300,646,11.0.0.356,11.0.0.703
1300,648,11.0.0.356,11.0.0.643
1300,653,11.0.0.356,11.0.0.80
1300,653,11.0.0.356,11.0.0.80
1300,653,11.0.0.356,11.0.0.80
1300,655,11.0.0.356,11.0.0.643
1300,655,11.0.0.356,11.0.0.643
1300,655,11.0.0.356,11.0.0.643
1300,656,11.0.0.356,11.0.0.70
1300,656,11.0.0.356,11.0.0.70
1300,658,11.0.0.356,11.0.0.718
1300,658,11.0.0.356,11.0.0.718
1300,658,11.0.0.356,11.0.0.718
1300,662,11.0.0.356,11.0.0.223
1300,662,11.0.0.356,11.0.0.223
1300,662,11.0.0.356,11.0.0.223
1300,665,11.0.0.356,11.0.0.259
1300,665,11.0.0.356,11.0.0.259
1300,665,11.0.0.356,11.0.0.259
1300,666,11.0.0.356,11.0.0.718
1300,666,11.0.0.356,11.0.0.718
1300,669,11.0.0.356,11.0.0.70
1300,669,11.0.0.356,11.0.0.70
1300,669,11.0.0.356,11.0.0.70
1300,673,11.0.0.356,11.0.0.512
1300,673,11.0.0.356,11.0.0.512
1300,674,11.0.0.356,11.0.0.280
1300,674,11.0.0.356,11.0.0.280
1300,678,11.0.0.356,11.0.0.708
1300,679,11.0.0.356,11.0.0.697
1300,679,11.0.0.356,11.0.0.697
1300,680,11.0.0.356,11.0.0.447
1300,680,11.0.0.356,11.0.0.447
1300,680,11.0.0.356,11.0.0.447
1300,683,11.0.0.356,11.0.0.266
1300,686,11.0.0.356,11.0.0.586
1300,686,11.0.0.356,11.0.0.586
1300,690,11.0.0.356,11.0.0.408
1300,690,11.0.0.356,11.0.0.408
1300,690,11.0.0.356,11.0.0.408
1300,692,11.0.0.356,11.0.0.383
1300,692,11.0.0.356,11.0.0.383
1300,692,11.0.0.356,11.0.0.383
1300,695,11.0.0.356,11.0.0.701
1300,695,11.0.0.356,11.0.0.701
1300,695,11.0.0.356,11.0.0.701
1300,697,11.0.0.356,11.0.0.266
1300,697,11.0.0.356,11.0.0.266
1300,699,11.0.0.356,11.0.0.223
1300,699,11.0.0.356,11.0.0.223
1300,700,11.0.0.356,11.0.0.708
1300,700,11.0.0.356,11.0.0.708
1300,703,11.0.0.356,11.0.0.456
1300,703,11.0.0.356,11.0.0.456
1300,704,11.0.0.356,11.0.0.291
1300,704,11.0.0.356,11.0.0.291
1300,707,11.0.0.356,11.0.0.581
1300,708,11.0.0.356,11.0.0.362
1300,708,11.0.0.356,11.0.0.362
1300,714,11.0.0.356,11.0.0.223
1300,714,11.0.0.356,11.0.0.223
1300,714,11.0.0.356,11.0.0.223
1300,715,11.0.0.356,11.0.0.459
1300,715,11.0.0.356,11.0.0.459
1300,715,11.0.0.356,11.0.0.459
1300,716,11.0.0.356,11.0.0.408
1300,718,11.0.0.356,11.0.0.515
1300,718,11.0.0.356,11.0.0.515
1300,720,11.0.0.356,11.0.0.781
1300,722,11.0.0.356,11.0.0.448
1300,722,11.0.0.356,11.0.0.448
1300,722,11.0.0.356,11.0.0.448
1300,724,11.0.0.356,11.0.0.545
1300,724,11.0.0.356,11.0.0.545
1300,727,11.0.0.356,11.0.0.259
1300,728,11.0.0.356,11.0.0.586
1300,728,11.0.0.356,11.0.0.586
1300,731,11.0.0.356,11.0.0.259
1300,731,11.0.0.356,11.0.0.259
1300,738,11.0.0.356,11.0.0.621
1300,738,11.0.0.356,11.0.0.621
1300,738,11.0.0.356,11.0.0.621
1300,739,11.0.0.356,11.0.0.378
1300,739,11.0.0.356,11.0.0.378
1300,739,11.0.0.356,11.0.0.378
1300,745,11.0.0.356,11.0.0.552
1300,745,11.0.0.356,11.0.0.552
1300,745,11.0.0.356,11.0.0.552
1300,747,11.0.0.356,11.0.0.316
1300,747,11.0.0.356,11.0.0.316
1300,747,11.0.0.356,11.0.0.316
1300,748,11.0.0.356,11.0.0.13
1300,749,11.0.0.356,11.0.0.120
1300,749,11.0.0.356,11.0.0.120
1300,753,11.0.0.356,11.0.0.311
1300,753,11.0.0.356,11.0.0.311
1300,756,11.0.0.356,11.0.0.701
1300,757,11.0.0.356,11.0.0.154
1300,757,11.0.0.356,11.0.0.154
1300,760,11.0.0.356,11.0.0.394
1300,760,11.0.0.356,11.0.0.394
1300,760,11.0.0.356,11.0.0.394
1300,761,11.0.0.356,11.0.0.311
1300,761,11.0.0.356,11.0.0.311
1300,763,11.0.0.356,11.0.0.291
1300,771,11.0.0.356,11.0.0.70
1300,771,11.0.0.356,11.0.0.70
1300,771,11.0.0.356,11.0.0.70
1300,773,11.0.0.356,11.0.0.529
1300,773,11.0.0.356,11.0.0.529
1300,774,11.0.0.356,11.0.0.132
1300,775,11.0.0.356,11.0.0.51
1300,775,11.0.0.356,11.0.0.51
1300,777,11.0.0.356,11.0.0.472
1300,777,11.0.0.356,11.0.0.472
1300,778,11.0.0.356,11.0.0.459
1300,778,11.0.0.356,11.0.0.459
1300,782,11.0.0.356,11.0.0.383
1300,784,11.0.0.356,11.0.0.494
1300,784,11.0.0.356,11.0.0.494
1300,784,11.0.0.356,11.0.0.494
1300,785,11.0.0.356,11.0.0.482
1300,785,11.0.0.356,11.0.0.482
1300,788,11.0.0.356,11.0.0.156
1300,788,11.0.0.356,11.0.0.156
1300,794,11.0.0.356,11.0.0.156
1300,794,11.0.0.356,11.0.0.156
1300,796,11.0.0.356,11.0.0.156
1300,796,11.0.0.356,11.0.0.156
1300,796,11.0.0.356,11.0.0.156
1300,798,11.0.0.356,11.0.0.581
1300,798,11.0.0.356,11.0.0.581
1300,799,11.0.0.356,11.0.0.273
1300,801,11.0.0.356,11.0.0.120
1300,802,11.0.0.356,11.0.0.659
1300,802,11.0.0.356,11.0.0.659
1300,802,11.0.0.356,11.0.0.659
1300,805,11.0.0.356,11.0.0.239
1300,805,11.0.0.356,11.0.0.239
1300,810,11.0.0.356,11.0.0.47
1300,813,11.0.0.356,11.0.0.230
1300,816,11.0.0.356,11.0.0.24
1300,816,11.0.0.356,11.0.0.24
1300,817,11.0.0.356,11.0.0.372
1300,818,11.0.0.356,11.0.0.281
1300,819,11.0.0.356,11.0.0.697
1300,819,11.0.0.356,11.0.0.697
1300,822,11.0.0.356,11.0.0.665
1300,822,11.0.0.356,11.0.0.665
1300,823,11.0.0.356,11.0.0.703
1300,825,11.0.0.356,11.0.0.201
1300,825,11.0.0.356,11.0.0.201
1300,828,11.0.0.356,11.0.0.22
1300,828,11.0.0.356,11.0.0.22
1300,828,11.0.0.356,11.0.0.22
1300,831,11.0.0.356,11.0.0.383
1300,833,11.0.0.356,11.0.0.135
1300,833,11.0.0.356,11.0.0.135
1300,833,11.0.0.356,11.0.0.135
1300,835,11.0.0.356,11.0.0.281
1300,835,11.0.0.356,11.0.0.281
1300,835,11.0.0.356,11.0.0.281
1300,838,11.0.0.356,11.0.0.68
1300,838,11.0.0.356,11.0.0.68
1300,846,11.0.0.356,11.0.0.251
1300,848,11.0.0.356,11.0.0.225
1300,849,11.0.0.356,11.0.0.500
1300,849,11.0.0.356,11.0.0.500
1300,851,11.0.0.356,11.0.0.708
1300,851,11.0.0.356,11.0.0.708
1300,852,11.0.0.356,11.0.0.552
1300,853,11.0.0.356,11.0.0.208
1300,853,11.0.0.356,11.0.0.208
1300,853,11.0.0.356,11.0.0.208
1300,855,11.0.0.356,11.0.0.198
1300,855,11.0.0.356,11.0.0.198
1300,856,11.0.0.356,11.0.0.242
1300,856,11.0.0.356,11.0.0.242
1300,859,11.0.0.356,11.0.0.726
1300,859,11.0.0.356,11.0.0.726
1300,862,11.0.0.356,11.0.0.355
1300,862,11.0.0.356,11.0.0.355
1300,862,11.0.0.356,11.0.0.355
1300,865,11.0.0.356,11.0.0.152
1300,865,11.0.0.356,11.0.0.152
1300,865,11.0.0.356,11.0.0.152
1300,866,11.0.0.356,11.0.0.156
1300,866,11.0.0.356,11.0.0.156
1300,868,11.0.0.356,11.0.0.355
1300,868,11.0.0.356,11.0.0.355
1300,869,11.0.0.356,11.0.0.665
1300,869,11.0.0.356,11.0.0.665
1300,870,11.0.0.356,11.0.0.383
1300,871,11.0.0.356,11.0.0.482
1300,872,11.0.0.356,11.0.0.621
1300,872,11.0.0.356,11.0.0.621
1300,874,11.0.0.356,11.0.0.281
1300,874,11.0.0.356,11.0.0.281
1300,876,11.0.0.356,11.0.0.68
1300,876,11.0.0.356,11.0.0.68
1300,879,11.0.0.356,11.0.0.68
1300,879,11.0.0.356,11.0.0.68
1300,881,11.0.0.356,11.0.0.156
1300,881,11.0.0.356,11.0.0.156
1300,881,11.0.0.356,11.0.0.156
1300,882,11.0.0.356,11.0.0.378
1300,882,11.0.0.356,11.0.0.378
1300,886,11.0.0.356,11.0.0.39
1300,886,11.0.0.356,11.0.0.39
1300,886,11.0.0.356,11.0.0.39
1300,888,11.0.0.356,11.0.0.280
1300,889,11.0.0.356,11.0.0.586
1300,889,11.0.0.356,11.0.0.586
1300,894,11.0.0.356,11.0.0.456
1300,894,11.0.0.356,11.0.0.456
1300,894,11.0.0.356,11.0.0.456
1300,896,11.0.0.356,11.0.0.718
1300,896,11.0.0.356,11.0.0.718
1300,898,11.0.0.356,11.0.0.781
1300,899,11.0.0.356,11.0.0.316
1300,899,11.0.0.356,11.0.0.316
1300,899,11.0.0.356,11.0.0.316
1300,902,11.0.0.356,11.0.0.628
1300,902,11.0.0.356,11.0.0.628
1300,902,11.0.0.356,11.0.0.628
1300,904,11.0.0.356,11.0.0.563
1300,904,11.0.0.356,11.0.0.563
1300,904,11.0.0.356,11.0.0.563
1300,907,11.0.0.356,11.0.0.442
1300,907,11.0.0.356,11.0.0.442
1300,908,11.0.0.356,11.0.0.355
1300,908,11.0.0.356,11.0.0.355
1300,909,11.0.0.356,11.0.0.588
1300,910,11.0.0.356,11.0.0.152
1300,913,11.0.0.356,11.0.0.494
1300,916,11.0.0.356,11.0.0.684
1300,916,11.0.0.356,11.0.0.684
1300,926,11.0.0.356,11.0.0.482
1300,926,11.0.0.356,11.0.0.482
1300,927,11.0.0.356,11.0.0.496
1300,927,11.0.0.356,11.0.0.496
1300,929,11.0.0.356,11.0.0.244
1300,929,11.0.0.356,11.0.0.244
1300,931,11.0.0.356,11.0.0.529
1300,931,11.0.0.356,11.0.0.529
1300,934,11.0.0.356,11.0.0.628
1300,934,11.0.0.356,11.0.0.628
1300,938,11.0.0.356,11.0.0.83
1300,938,11.0.0.356,11.0.0.83
1300,941,11.0.0.356,11.0.0.311
1300,941,11.0.0.356,11.0.0.311
1300,944,11.0.0.356,11.0.0.586
1300,944,11.0.0.356,11.0.0.586
1300,944,11.0.0.356,11.0.0.586
1300,945,11.0.0.356,11.0.0.643
1300,945,11.0.0.356,11.0.0.643
1300,947,11.0.0.356,11.0.0.672
1300,947,11.0.0.356,11.0.0.672
1300,947,11.0.0.356,11.0.0.672
1300,948,11.0.0.356,11.0.0.225
1300,948,11.0.0.356,11.0.0.225
1300,949,11.0.0.356,11.0.0.372
1300,949,11.0.0.356,11.0.0.372
1300,951,11.0.0.356,11.0.0.425
1300,951,11.0.0.356,11.0.0.425
1300,951,11.0.0.356,11.0.0.425
1300,952,11.0.0.356,11.0.0.697
1300,955,11.0.0.356,11.0.0.13
1300,956,11.0.0.356,11.0.0.239
1300,959,11.0.0.356,11.0.0.545
1300,959,11.0.0.356,11.0.0.545
1300,960,11.0.0.356,11.0.0.494
1300,960,11.0.0.356,11.0.0.494
1300,960,11.0.0.356,11.0.0.494
1300,962,11.0.0.356,11.0.0.266
1300,962,11.0.0.356,11.0.0.266
1300,963,11.0.0.356,11.0.0.273
1300,966,11.0.0.356,11.0.0.362
1300,966,11.0.0.356,11.0.0.362
1300,966,11.0.0.356,11.0.0.362
1300,967,11.0.0.356,11.0.0.208
1300,967,11.0.0.356,11.0.0.208
1300,969,11.0.0.356,11.0.0.223
1300,969,11.0.0.356,11.0.0.223
1300,970,11.0.0.356,11.0.0.156
1300,970,11.0.0.356,11.0.0.156
1300,971,11.0.0.356,11.0.0.120
1300,971,11.0.0.356,11.0.0.120
1300,973,11.0.0.356,11.0.0.244
1300,973,11.0.0.356,11.0.0.244
1300,974,11.0.0.356,11.0.0.259
1300,974,11.0.0.356,11.0.0.259
1300,974,11.0.0.356,11.0.0.259
1300,977,11.0.0.356,11.0.0.303
1300,977,11.0.0.356,11.0.0.303
1300,978,11.0.0.356,11.0.0.552
1300,978,11.0.0.356,11.0.0.552
1300,978,11.0.0.356,11.0.0.552
1300,981,11.0.0.356,11.0.0.515
1300,981,11.0.0.356,11.0.0.515
1300,985,11.0.0.356,11.0.0.755
1300,985,11.0.0.356,11.0.0.755
1300,986,11.0.0.356,11.0.0.47
1300,986,11.0.0.356,11.0.0.47
1300,986,11.0.0.356,11.0.0.47
1300,987,11.0.0.356,11.0.0.729
1300,987,11.0.0.356,11.0.0.729
1300,993,11.0.0.356,11.0.0.718
1300,993,11.0.0.356,11.0.0.718
1300,993,11.0.0.356,11.0.0.718
1300,994,11.0.0.356,11.0.0.135
1300,994,11.0.0.356,11.0.0.135
1300,994,11.0.0.356,11.0.0.135
1300,995,11.0.0.356,11.0.0.726
1300,995,11.0.0.356,11.0.0.726
1300,995,11.0.0.356,11.0.0.726
1300,996,11.0.0.356,11.0.0.587
1300,997,11.0.0.356,11.0.0.225
1300,997,11.0.0.356,11.0.0.225
1300,997,11.0.0.356,11.0.0.225
