1300,0,11.0.0.860,11.0.0.107
1300,0,11.0.0.860,11.0.0.781
1300,0,11.0.0.860,11.0.0.107
1300,0,11.0.0.860,11.0.0.107
1300,2,11.0.0.860,11.0.0.470
1300,2,11.0.0.860,11.0.0.386
1300,2,11.0.0.860,11.0.0.470
1300,2,11.0.0.860,11.0.0.470
1300,5,11.0.0.860,11.0.0.832
1300,5,11.0.0.860,11.0.0.475
1300,5,11.0.0.860,11.0.0.475
1300,5,11.0.0.860,11.0.0.832
1300,10,11.0.0.860,11.0.0.474
1300,10,11.0.0.860,11.0.0.474
1300,12,11.0.0.860,11.0.0.101
1300,12,11.0.0.860,11.0.0.781
1300,12,11.0.0.860,11.0.0.781
1300,12,11.0.0.860,11.0.0.101
1300,14,11.0.0.860,11.0.0.145
1300,14,11.0.0.860,11.0.0.720
1300,14,11.0.0.860,11.0.0.145
1300,14,11.0.0.860,11.0.0.720
1300,14,11.0.0.860,11.0.0.720
1300,15,11.0.0.860,11.0.0.601
1300,15,11.0.0.860,11.0.0.601
1300,15,11.0.0.860,11.0.0.525
1300,15,11.0.0.860,11.0.0.525
1300,15,11.0.0.860,11.0.0.601
1300,15,11.0.0.860,11.0.0.525
1300,16,11.0.0.860,11.0.0.756
1300,16,11.0.0.860,11.0.0.756
1300,16,11.0.0.860,11.0.0.756
1300,18,11.0.0.860,11.0.0.754
1300,18,11.0.0.860,11.0.0.754
1300,18,11.0.0.860,11.0.0.754
1300,19,11.0.0.860,11.0.0.297
1300,19,11.0.0.860,11.0.0.493
1300,19,11.0.0.860,11.0.0.297
1300,19,11.0.0.860,11.0.0.493
1300,21,11.0.0.860,11.0.0.246
1300,21,11.0.0.860,11.0.0.246
1300,23,11.0.0.860,11.0.0.827
1300,23,11.0.0.860,11.0.0.894
1300,23,11.0.0.860,11.0.0.894
1300,23,11.0.0.860,11.0.0.894
1300,25,11.0.0.860,11.0.0.525
1300,25,11.0.0.860,11.0.0.525
1300,26,11.0.0.860,11.0.0.167
1300,26,11.0.0.860,11.0.0.250
1300,26,11.0.0.860,11.0.0.250
1300,27,11.0.0.860,11.0.0.382
1300,27,11.0.0.860,11.0.0.88
1300,27,11.0.0.860,11.0.0.88
1300,27,11.0.0.860,11.0.0.382
1300,35,11.0.0.860,11.0.0.125
1300,35,11.0.0.860,11.0.0.125
1300,35,11.0.0.860,11.0.0.125
1300,36,11.0.0.860,11.0.0.468
1300,36,11.0.0.860,11.0.0.468
1300,38,11.0.0.860,11.0.0.478
1300,39,11.0.0.860,11.0.0.395
1300,39,11.0.0.860,11.0.0.395
1300,39,11.0.0.860,11.0.0.395
1300,40,11.0.0.860,11.0.0.682
1300,40,11.0.0.860,11.0.0.813
1300,40,11.0.0.860,11.0.0.682
1300,40,11.0.0.860,11.0.0.813
1300,40,11.0.0.860,11.0.0.813
1300,41,11.0.0.860,11.0.0.224
1300,41,11.0.0.860,11.0.0.250
1300,41,11.0.0.860,11.0.0.224
1300,41,11.0.0.860,11.0.0.250
1300,41,11.0.0.860,11.0.0.250
1300,42,11.0.0.860,11.0.0.485
1300,42,11.0.0.860,11.0.0.485
1300,42,11.0.0.860,11.0.0.17
1300,42,11.0.0.860,11.0.0.485
1300,42,11.0.0.860,11.0.0.17
1300,44,11.0.0.860,11.0.0.190
1300,44,11.0.0.860,11.0.0.190
1300,44,11.0.0.860,11.0.0.297
1300,44,11.0.0.860,11.0.0.297
1300,44,11.0.0.860,11.0.0.297
1300,44,11.0.0.860,11.0.0.190
1300,46,11.0.0.860,11.0.0.379
1300,46,11.0.0.860,11.0.0.379
1300,46,11.0.0.860,11.0.0.599
1300,47,11.0.0.860,11.0.0.588
1300,47,11.0.0.860,11.0.0.588
1300,47,11.0.0.860,11.0.0.8
1300,47,11.0.0.860,11.0.0.588
1300,48,11.0.0.860,11.0.0.171
1300,48,11.0.0.860,11.0.0.171
1300,48,11.0.0.860,11.0.0.250
1300,48,11.0.0.860,11.0.0.171
1300,48,11.0.0.860,11.0.0.250
1300,49,11.0.0.860,11.0.0.450
1300,51,11.0.0.860,11.0.0.395
1300,51,11.0.0.860,11.0.0.395
1300,51,11.0.0.860,11.0.0.395
1300,53,11.0.0.860,11.0.0.76
1300,53,11.0.0.860,11.0.0.76
1300,55,11.0.0.860,11.0.0.832
1300,55,11.0.0.860,11.0.0.535
1300,60,11.0.0.860,11.0.0.682
1300,60,11.0.0.860,11.0.0.682
1300,61,11.0.0.860,11.0.0.169
1300,61,11.0.0.860,11.0.0.125
1300,61,11.0.0.860,11.0.0.125
1300,61,11.0.0.860,11.0.0.125
1300,61,11.0.0.860,11.0.0.169
1300,62,11.0.0.860,11.0.0.454
1300,62,11.0.0.860,11.0.0.454
1300,64,11.0.0.860,11.0.0.187
1300,64,11.0.0.860,11.0.0.53
1300,64,11.0.0.860,11.0.0.187
1300,64,11.0.0.860,11.0.0.53
1300,65,11.0.0.860,11.0.0.486
1300,65,11.0.0.860,11.0.0.486
1300,65,11.0.0.860,11.0.0.486
1300,66,11.0.0.860,11.0.0.273
1300,71,11.0.0.860,11.0.0.167
1300,71,11.0.0.860,11.0.0.167
1300,73,11.0.0.860,11.0.0.382
1300,73,11.0.0.860,11.0.0.382
1300,73,11.0.0.860,11.0.0.382
1300,74,11.0.0.860,11.0.0.846
1300,76,11.0.0.860,11.0.0.8
1300,76,11.0.0.860,11.0.0.8
1300,78,11.0.0.860,11.0.0.399
1300,78,11.0.0.860,11.0.0.399
1300,78,11.0.0.860,11.0.0.399
1300,80,11.0.0.860,11.0.0.846
1300,80,11.0.0.860,11.0.0.393
1300,80,11.0.0.860,11.0.0.846
1300,80,11.0.0.860,11.0.0.393
1300,80,11.0.0.860,11.0.0.846
1300,82,11.0.0.860,11.0.0.438
1300,82,11.0.0.860,11.0.0.875
1300,82,11.0.0.860,11.0.0.438
1300,85,11.0.0.860,11.0.0.701
1300,85,11.0.0.860,11.0.0.701
1300,85,11.0.0.860,11.0.0.701
1300,86,11.0.0.860,11.0.0.625
1300,86,11.0.0.860,11.0.0.625
1300,86,11.0.0.860,11.0.0.625
1300,86,11.0.0.860,11.0.0.838
1300,86,11.0.0.860,11.0.0.838
1300,86,11.0.0.860,11.0.0.838
1300,88,11.0.0.860,11.0.0.478
1300,88,11.0.0.860,11.0.0.478
1300,88,11.0.0.860,11.0.0.376
1300,88,11.0.0.860,11.0.0.376
1300,90,11.0.0.860,11.0.0.406
1300,90,11.0.0.860,11.0.0.406
1300,91,11.0.0.860,11.0.0.23
1300,92,11.0.0.860,11.0.0.382
1300,92,11.0.0.860,11.0.0.459
1300,92,11.0.0.860,11.0.0.459
1300,92,11.0.0.860,11.0.0.459
1300,93,11.0.0.860,11.0.0.560
1300,93,11.0.0.860,11.0.0.560
1300,95,11.0.0.860,11.0.0.95
1300,95,11.0.0.860,11.0.0.460
1300,95,11.0.0.860,11.0.0.460
1300,95,11.0.0.860,11.0.0.95
1300,95,11.0.0.860,11.0.0.460
1300,97,11.0.0.860,11.0.0.171
1300,97,11.0.0.860,11.0.0.813
1300,97,11.0.0.860,11.0.0.813
1300,97,11.0.0.860,11.0.0.171
1300,98,11.0.0.860,11.0.0.682
1300,100,11.0.0.860,11.0.0.377
1300,100,11.0.0.860,11.0.0.377
1300,100,11.0.0.860,11.0.0.377
1300,101,11.0.0.860,11.0.0.900
1300,101,11.0.0.860,11.0.0.264
1300,101,11.0.0.860,11.0.0.264
1300,101,11.0.0.860,11.0.0.900
1300,102,11.0.0.860,11.0.0.839
1300,102,11.0.0.860,11.0.0.393
1300,102,11.0.0.860,11.0.0.839
1300,102,11.0.0.860,11.0.0.393
1300,102,11.0.0.860,11.0.0.393
1300,103,11.0.0.860,11.0.0.501
1300,103,11.0.0.860,11.0.0.501
1300,103,11.0.0.860,11.0.0.501
1300,104,11.0.0.860,11.0.0.535
1300,104,11.0.0.860,11.0.0.535
1300,104,11.0.0.860,11.0.0.535
1300,105,11.0.0.860,11.0.0.525
1300,105,11.0.0.860,11.0.0.187
1300,105,11.0.0.860,11.0.0.525
1300,107,11.0.0.860,11.0.0.14
1300,107,11.0.0.860,11.0.0.14
1300,107,11.0.0.860,11.0.0.14
1300,108,11.0.0.860,11.0.0.273
1300,108,11.0.0.860,11.0.0.273
1300,108,11.0.0.860,11.0.0.273
1300,112,11.0.0.860,11.0.0.169
1300,112,11.0.0.860,11.0.0.169
1300,112,11.0.0.860,11.0.0.306
1300,112,11.0.0.860,11.0.0.169
1300,114,11.0.0.860,11.0.0.14
1300,114,11.0.0.860,11.0.0.14
1300,114,11.0.0.860,11.0.0.14
1300,114,11.0.0.860,11.0.0.161
1300,114,11.0.0.860,11.0.0.161
1300,117,11.0.0.860,11.0.0.892
1300,117,11.0.0.860,11.0.0.892
1300,117,11.0.0.860,11.0.0.892
1300,117,11.0.0.860,11.0.0.322
1300,117,11.0.0.860,11.0.0.322
1300,119,11.0.0.860,11.0.0.470
1300,119,11.0.0.860,11.0.0.519
1300,119,11.0.0.860,11.0.0.470
1300,119,11.0.0.860,11.0.0.470
1300,119,11.0.0.860,11.0.0.519
1300,120,11.0.0.860,11.0.0.892
1300,120,11.0.0.860,11.0.0.892
1300,121,11.0.0.860,11.0.0.285
1300,121,11.0.0.860,11.0.0.285
1300,121,11.0.0.860,11.0.0.285
1300,122,11.0.0.860,11.0.0.433
1300,122,11.0.0.860,11.0.0.433
1300,123,11.0.0.860,11.0.0.88
1300,123,11.0.0.860,11.0.0.88
1300,124,11.0.0.860,11.0.0.900
1300,124,11.0.0.860,11.0.0.900
1300,124,11.0.0.860,11.0.0.900
1300,126,11.0.0.860,11.0.0.17
1300,126,11.0.0.860,11.0.0.17
1300,127,11.0.0.860,11.0.0.839
1300,127,11.0.0.860,11.0.0.839
1300,128,11.0.0.860,11.0.0.523
1300,128,11.0.0.860,11.0.0.523
1300,129,11.0.0.860,11.0.0.539
1300,129,11.0.0.860,11.0.0.539
1300,130,11.0.0.860,11.0.0.273
1300,130,11.0.0.860,11.0.0.839
1300,130,11.0.0.860,11.0.0.839
1300,130,11.0.0.860,11.0.0.839
1300,130,11.0.0.860,11.0.0.273
1300,131,11.0.0.860,11.0.0.478
1300,131,11.0.0.860,11.0.0.478
1300,131,11.0.0.860,11.0.0.478
1300,133,11.0.0.860,11.0.0.319
1300,133,11.0.0.860,11.0.0.319
1300,134,11.0.0.860,11.0.0.101
1300,134,11.0.0.860,11.0.0.101
1300,135,11.0.0.860,11.0.0.139
1300,135,11.0.0.860,11.0.0.139
1300,138,11.0.0.860,11.0.0.250
1300,138,11.0.0.860,11.0.0.250
1300,139,11.0.0.860,11.0.0.88
1300,139,11.0.0.860,11.0.0.285
1300,140,11.0.0.860,11.0.0.539
1300,140,11.0.0.860,11.0.0.539
1300,140,11.0.0.860,11.0.0.756
1300,140,11.0.0.860,11.0.0.756
1300,144,11.0.0.860,11.0.0.333
1300,144,11.0.0.860,11.0.0.333
1300,144,11.0.0.860,11.0.0.451
1300,144,11.0.0.860,11.0.0.451
1300,145,11.0.0.860,11.0.0.110
1300,145,11.0.0.860,11.0.0.430
1300,145,11.0.0.860,11.0.0.110
1300,145,11.0.0.860,11.0.0.110
1300,147,11.0.0.860,11.0.0.539
1300,147,11.0.0.860,11.0.0.539
1300,147,11.0.0.860,11.0.0.525
1300,147,11.0.0.860,11.0.0.539
1300,148,11.0.0.860,11.0.0.8
1300,148,11.0.0.860,11.0.0.450
1300,148,11.0.0.860,11.0.0.450
1300,149,11.0.0.860,11.0.0.601
1300,149,11.0.0.860,11.0.0.601
1300,149,11.0.0.860,11.0.0.601
1300,150,11.0.0.860,11.0.0.842
1300,156,11.0.0.860,11.0.0.560
1300,156,11.0.0.860,11.0.0.799
1300,156,11.0.0.860,11.0.0.799
1300,156,11.0.0.860,11.0.0.560
1300,156,11.0.0.860,11.0.0.799
1300,157,11.0.0.860,11.0.0.842
1300,157,11.0.0.860,11.0.0.842
1300,157,11.0.0.860,11.0.0.842
1300,157,11.0.0.860,11.0.0.190
1300,157,11.0.0.860,11.0.0.190
1300,158,11.0.0.860,11.0.0.382
1300,158,11.0.0.860,11.0.0.382
1300,158,11.0.0.860,11.0.0.382
1300,161,11.0.0.860,11.0.0.468
1300,161,11.0.0.860,11.0.0.468
1300,163,11.0.0.860,11.0.0.625
1300,165,11.0.0.860,11.0.0.744
1300,165,11.0.0.860,11.0.0.376
1300,165,11.0.0.860,11.0.0.376
1300,166,11.0.0.860,11.0.0.382
1300,166,11.0.0.860,11.0.0.387
1300,166,11.0.0.860,11.0.0.387
1300,166,11.0.0.860,11.0.0.382
1300,168,11.0.0.860,11.0.0.424
1300,168,11.0.0.860,11.0.0.588
1300,168,11.0.0.860,11.0.0.588
1300,168,11.0.0.860,11.0.0.424
1300,168,11.0.0.860,11.0.0.588
1300,171,11.0.0.860,11.0.0.365
1300,171,11.0.0.860,11.0.0.365
1300,172,11.0.0.860,11.0.0.378
1300,172,11.0.0.860,11.0.0.387
1300,172,11.0.0.860,11.0.0.387
1300,175,11.0.0.860,11.0.0.409
1300,175,11.0.0.860,11.0.0.409
1300,175,11.0.0.860,11.0.0.478
1300,175,11.0.0.860,11.0.0.478
1300,175,11.0.0.860,11.0.0.478
1300,175,11.0.0.860,11.0.0.409
1300,176,11.0.0.860,11.0.0.685
1300,177,11.0.0.860,11.0.0.139
1300,177,11.0.0.860,11.0.0.433
1300,177,11.0.0.860,11.0.0.433
1300,177,11.0.0.860,11.0.0.139
1300,178,11.0.0.860,11.0.0.107
1300,179,11.0.0.860,11.0.0.382
1300,180,11.0.0.860,11.0.0.701
1300,180,11.0.0.860,11.0.0.688
1300,180,11.0.0.860,11.0.0.701
1300,180,11.0.0.860,11.0.0.688
1300,181,11.0.0.860,11.0.0.395
1300,181,11.0.0.860,11.0.0.395
1300,181,11.0.0.860,11.0.0.395
1300,182,11.0.0.860,11.0.0.900
1300,182,11.0.0.860,11.0.0.900
1300,182,11.0.0.860,11.0.0.900
1300,182,11.0.0.860,11.0.0.107
1300,182,11.0.0.860,11.0.0.107
1300,183,11.0.0.860,11.0.0.781
1300,183,11.0.0.860,11.0.0.781
1300,183,11.0.0.860,11.0.0.167
1300,183,11.0.0.860,11.0.0.167
1300,183,11.0.0.860,11.0.0.781
1300,183,11.0.0.860,11.0.0.167
1300,184,11.0.0.860,11.0.0.306
1300,184,11.0.0.860,11.0.0.306
1300,185,11.0.0.860,11.0.0.139
1300,185,11.0.0.860,11.0.0.139
1300,186,11.0.0.860,11.0.0.754
1300,186,11.0.0.860,11.0.0.744
1300,186,11.0.0.860,11.0.0.754
1300,186,11.0.0.860,11.0.0.754
1300,187,11.0.0.860,11.0.0.8
1300,188,11.0.0.860,11.0.0.410
1300,188,11.0.0.860,11.0.0.410
1300,190,11.0.0.860,11.0.0.166
1300,190,11.0.0.860,11.0.0.166
1300,191,11.0.0.860,11.0.0.8
1300,191,11.0.0.860,11.0.0.8
1300,191,11.0.0.860,11.0.0.8
1300,193,11.0.0.860,11.0.0.393
1300,193,11.0.0.860,11.0.0.393
1300,193,11.0.0.860,11.0.0.393
1300,194,11.0.0.860,11.0.0.110
1300,194,11.0.0.860,11.0.0.900
1300,194,11.0.0.860,11.0.0.110
1300,194,11.0.0.860,11.0.0.110
1300,196,11.0.0.860,11.0.0.523
1300,196,11.0.0.860,11.0.0.523
1300,196,11.0.0.860,11.0.0.88
1300,196,11.0.0.860,11.0.0.88
1300,197,11.0.0.860,11.0.0.781
1300,197,11.0.0.860,11.0.0.781
1300,198,11.0.0.860,11.0.0.187
1300,199,11.0.0.860,11.0.0.839
1300,199,11.0.0.860,11.0.0.839
1300,201,11.0.0.860,11.0.0.48
1300,201,11.0.0.860,11.0.0.48
1300,201,11.0.0.860,11.0.0.399
1300,201,11.0.0.860,11.0.0.399
1300,202,11.0.0.860,11.0.0.799
1300,202,11.0.0.860,11.0.0.799
1300,202,11.0.0.860,11.0.0.900
1300,205,11.0.0.860,11.0.0.493
1300,205,11.0.0.860,11.0.0.493
1300,208,11.0.0.860,11.0.0.688
1300,208,11.0.0.860,11.0.0.264
1300,208,11.0.0.860,11.0.0.688
1300,208,11.0.0.860,11.0.0.688
1300,210,11.0.0.860,11.0.0.813
1300,210,11.0.0.860,11.0.0.166
1300,210,11.0.0.860,11.0.0.813
1300,212,11.0.0.860,11.0.0.682
1300,212,11.0.0.860,11.0.0.688
1300,212,11.0.0.860,11.0.0.682
1300,212,11.0.0.860,11.0.0.688
1300,214,11.0.0.860,11.0.0.399
1300,215,11.0.0.860,11.0.0.246
1300,215,11.0.0.860,11.0.0.379
1300,215,11.0.0.860,11.0.0.246
1300,216,11.0.0.860,11.0.0.478
1300,216,11.0.0.860,11.0.0.264
1300,216,11.0.0.860,11.0.0.478
1300,216,11.0.0.860,11.0.0.264
1300,216,11.0.0.860,11.0.0.264
1300,216,11.0.0.860,11.0.0.478
1300,217,11.0.0.860,11.0.0.475
1300,217,11.0.0.860,11.0.0.688
1300,218,11.0.0.860,11.0.0.88
1300,218,11.0.0.860,11.0.0.161
1300,218,11.0.0.860,11.0.0.161
1300,218,11.0.0.860,11.0.0.161
1300,218,11.0.0.860,11.0.0.88
1300,218,11.0.0.860,11.0.0.88
1300,219,11.0.0.860,11.0.0.599
1300,219,11.0.0.860,11.0.0.599
1300,220,11.0.0.860,11.0.0.145
1300,220,11.0.0.860,11.0.0.799
1300,221,11.0.0.860,11.0.0.110
1300,221,11.0.0.860,11.0.0.110
1300,221,11.0.0.860,11.0.0.110
1300,223,11.0.0.860,11.0.0.125
1300,224,11.0.0.860,11.0.0.187
1300,224,11.0.0.860,11.0.0.187
1300,224,11.0.0.860,11.0.0.322
1300,224,11.0.0.860,11.0.0.322
1300,226,11.0.0.860,11.0.0.450
1300,226,11.0.0.860,11.0.0.450
1300,226,11.0.0.860,11.0.0.319
1300,226,11.0.0.860,11.0.0.319
1300,226,11.0.0.860,11.0.0.319
1300,226,11.0.0.860,11.0.0.450
1300,227,11.0.0.860,11.0.0.539
1300,227,11.0.0.860,11.0.0.539
1300,229,11.0.0.860,11.0.0.95
1300,229,11.0.0.860,11.0.0.593
1300,229,11.0.0.860,11.0.0.593
1300,230,11.0.0.860,11.0.0.736
1300,230,11.0.0.860,11.0.0.736
1300,230,11.0.0.860,11.0.0.409
1300,230,11.0.0.860,11.0.0.736
1300,230,11.0.0.860,11.0.0.409
1300,231,11.0.0.860,11.0.0.365
1300,231,11.0.0.860,11.0.0.539
1300,231,11.0.0.860,11.0.0.365
1300,231,11.0.0.860,11.0.0.365
1300,232,11.0.0.860,11.0.0.386
1300,232,11.0.0.860,11.0.0.668
1300,232,11.0.0.860,11.0.0.386
1300,232,11.0.0.860,11.0.0.668
1300,232,11.0.0.860,11.0.0.386
1300,232,11.0.0.860,11.0.0.668
1300,233,11.0.0.860,11.0.0.668
1300,233,11.0.0.860,11.0.0.668
1300,233,11.0.0.860,11.0.0.668
1300,234,11.0.0.860,11.0.0.365
1300,234,11.0.0.860,11.0.0.365
1300,234,11.0.0.860,11.0.0.365
1300,235,11.0.0.860,11.0.0.460
1300,235,11.0.0.860,11.0.0.460
1300,240,11.0.0.860,11.0.0.736
1300,240,11.0.0.860,11.0.0.736
1300,240,11.0.0.860,11.0.0.736
1300,242,11.0.0.860,11.0.0.306
1300,242,11.0.0.860,11.0.0.306
1300,242,11.0.0.860,11.0.0.306
1300,246,11.0.0.860,11.0.0.410
1300,246,11.0.0.860,11.0.0.410
1300,246,11.0.0.860,11.0.0.827
1300,246,11.0.0.860,11.0.0.827
1300,247,11.0.0.860,11.0.0.169
1300,247,11.0.0.860,11.0.0.169
1300,247,11.0.0.860,11.0.0.161
1300,247,11.0.0.860,11.0.0.161
1300,248,11.0.0.860,11.0.0.685
1300,248,11.0.0.860,11.0.0.685
1300,248,11.0.0.860,11.0.0.17
1300,248,11.0.0.860,11.0.0.17
1300,249,11.0.0.860,11.0.0.264
1300,249,11.0.0.860,11.0.0.264
1300,249,11.0.0.860,11.0.0.754
1300,249,11.0.0.860,11.0.0.754
1300,250,11.0.0.860,11.0.0.588
1300,250,11.0.0.860,11.0.0.588
1300,250,11.0.0.860,11.0.0.588
1300,251,11.0.0.860,11.0.0.423
1300,251,11.0.0.860,11.0.0.423
1300,251,11.0.0.860,11.0.0.107
1300,252,11.0.0.860,11.0.0.433
1300,252,11.0.0.860,11.0.0.433
1300,254,11.0.0.860,11.0.0.474
1300,254,11.0.0.860,11.0.0.474
1300,254,11.0.0.860,11.0.0.474
1300,257,11.0.0.860,11.0.0.382
1300,257,11.0.0.860,11.0.0.382
1300,258,11.0.0.860,11.0.0.107
1300,260,11.0.0.860,11.0.0.17
1300,265,11.0.0.860,11.0.0.14
1300,265,11.0.0.860,11.0.0.14
1300,266,11.0.0.860,11.0.0.736
1300,266,11.0.0.860,11.0.0.736
1300,267,11.0.0.860,11.0.0.423
1300,268,11.0.0.860,11.0.0.894
1300,268,11.0.0.860,11.0.0.894
1300,268,11.0.0.860,11.0.0.894
1300,268,11.0.0.860,11.0.0.688
1300,271,11.0.0.860,11.0.0.406
1300,271,11.0.0.860,11.0.0.406
1300,273,11.0.0.860,11.0.0.161
1300,273,11.0.0.860,11.0.0.387
1300,273,11.0.0.860,11.0.0.387
1300,274,11.0.0.860,11.0.0.804
1300,274,11.0.0.860,11.0.0.804
1300,274,11.0.0.860,11.0.0.804
1300,275,11.0.0.860,11.0.0.539
1300,275,11.0.0.860,11.0.0.250
1300,275,11.0.0.860,11.0.0.539
1300,275,11.0.0.860,11.0.0.539
1300,275,11.0.0.860,11.0.0.250
1300,276,11.0.0.860,11.0.0.456
1300,276,11.0.0.860,11.0.0.456
1300,276,11.0.0.860,11.0.0.456
1300,278,11.0.0.860,11.0.0.832
1300,278,11.0.0.860,11.0.0.625
1300,278,11.0.0.860,11.0.0.625
1300,278,11.0.0.860,11.0.0.832
1300,279,11.0.0.860,11.0.0.180
1300,279,11.0.0.860,11.0.0.423
1300,279,11.0.0.860,11.0.0.423
1300,279,11.0.0.860,11.0.0.423
1300,280,11.0.0.860,11.0.0.493
1300,280,11.0.0.860,11.0.0.493
1300,281,11.0.0.860,11.0.0.721
1300,281,11.0.0.860,11.0.0.721
1300,282,11.0.0.860,11.0.0.470
1300,282,11.0.0.860,11.0.0.470
1300,282,11.0.0.860,11.0.0.601
1300,282,11.0.0.860,11.0.0.601
1300,283,11.0.0.860,11.0.0.107
1300,283,11.0.0.860,11.0.0.832
1300,283,11.0.0.860,11.0.0.107
1300,283,11.0.0.860,11.0.0.832
1300,284,11.0.0.860,11.0.0.382
1300,284,11.0.0.860,11.0.0.382
1300,284,11.0.0.860,11.0.0.378
1300,284,11.0.0.860,11.0.0.378
1300,284,11.0.0.860,11.0.0.378
1300,284,11.0.0.860,11.0.0.382
1300,286,11.0.0.860,11.0.0.297
1300,286,11.0.0.860,11.0.0.297
1300,286,11.0.0.860,11.0.0.297
1300,287,11.0.0.860,11.0.0.838
1300,287,11.0.0.860,11.0.0.827
1300,287,11.0.0.860,11.0.0.838
1300,289,11.0.0.860,11.0.0.633
1300,289,11.0.0.860,11.0.0.633
1300,291,11.0.0.860,11.0.0.754
1300,292,11.0.0.860,11.0.0.832
1300,292,11.0.0.860,11.0.0.139
1300,292,11.0.0.860,11.0.0.832
1300,292,11.0.0.860,11.0.0.139
1300,292,11.0.0.860,11.0.0.832
1300,292,11.0.0.860,11.0.0.139
1300,293,11.0.0.860,11.0.0.450
1300,293,11.0.0.860,11.0.0.593
1300,293,11.0.0.860,11.0.0.450
1300,293,11.0.0.860,11.0.0.450
1300,295,11.0.0.860,11.0.0.486
1300,295,11.0.0.860,11.0.0.501
1300,295,11.0.0.860,11.0.0.486
1300,295,11.0.0.860,11.0.0.501
1300,295,11.0.0.860,11.0.0.486
1300,295,11.0.0.860,11.0.0.501
1300,298,11.0.0.860,11.0.0.633
1300,299,11.0.0.860,11.0.0.406
1300,299,11.0.0.860,11.0.0.333
1300,299,11.0.0.860,11.0.0.333
1300,299,11.0.0.860,11.0.0.333
1300,299,11.0.0.860,11.0.0.406
1300,300,11.0.0.860,11.0.0.475
1300,300,11.0.0.860,11.0.0.475
1300,300,11.0.0.860,11.0.0.523
1300,300,11.0.0.860,11.0.0.523
1300,300,11.0.0.860,11.0.0.475
1300,301,11.0.0.860,11.0.0.433
1300,302,11.0.0.860,11.0.0.23
1300,302,11.0.0.860,11.0.0.23
1300,302,11.0.0.860,11.0.0.23
1300,305,11.0.0.860,11.0.0.736
1300,305,11.0.0.860,11.0.0.736
1300,307,11.0.0.860,11.0.0.701
1300,307,11.0.0.860,11.0.0.701
1300,307,11.0.0.860,11.0.0.701
1300,308,11.0.0.860,11.0.0.813
1300,308,11.0.0.860,11.0.0.813
1300,308,11.0.0.860,11.0.0.813
1300,309,11.0.0.860,11.0.0.169
1300,309,11.0.0.860,11.0.0.169
1300,310,11.0.0.860,11.0.0.736
1300,310,11.0.0.860,11.0.0.459
1300,310,11.0.0.860,11.0.0.736
1300,310,11.0.0.860,11.0.0.736
1300,310,11.0.0.860,11.0.0.459
1300,312,11.0.0.860,11.0.0.475
1300,312,11.0.0.860,11.0.0.23
1300,312,11.0.0.860,11.0.0.23
1300,312,11.0.0.860,11.0.0.475
1300,313,11.0.0.860,11.0.0.424
1300,313,11.0.0.860,11.0.0.424
1300,313,11.0.0.860,11.0.0.424
1300,314,11.0.0.860,11.0.0.701
1300,314,11.0.0.860,11.0.0.306
1300,314,11.0.0.860,11.0.0.306
1300,314,11.0.0.860,11.0.0.701
1300,316,11.0.0.860,11.0.0.169
1300,316,11.0.0.860,11.0.0.169
1300,316,11.0.0.860,11.0.0.8
1300,316,11.0.0.860,11.0.0.8
1300,316,11.0.0.860,11.0.0.8
1300,317,11.0.0.860,11.0.0.818
1300,317,11.0.0.860,11.0.0.818
1300,318,11.0.0.860,11.0.0.424
1300,321,11.0.0.860,11.0.0.167
1300,321,11.0.0.860,11.0.0.167
1300,321,11.0.0.860,11.0.0.167
1300,324,11.0.0.860,11.0.0.560
1300,324,11.0.0.860,11.0.0.48
1300,324,11.0.0.860,11.0.0.560
1300,324,11.0.0.860,11.0.0.48
1300,325,11.0.0.860,11.0.0.827
1300,325,11.0.0.860,11.0.0.827
1300,325,11.0.0.860,11.0.0.827
1300,325,11.0.0.860,11.0.0.721
1300,325,11.0.0.860,11.0.0.721
1300,326,11.0.0.860,11.0.0.285
1300,326,11.0.0.860,11.0.0.285
1300,330,11.0.0.860,11.0.0.395
1300,333,11.0.0.860,11.0.0.525
1300,333,11.0.0.860,11.0.0.525
1300,335,11.0.0.860,11.0.0.781
1300,335,11.0.0.860,11.0.0.387
1300,335,11.0.0.860,11.0.0.387
1300,335,11.0.0.860,11.0.0.781
1300,336,11.0.0.860,11.0.0.319
1300,336,11.0.0.860,11.0.0.319
1300,336,11.0.0.860,11.0.0.76
1300,338,11.0.0.860,11.0.0.180
1300,338,11.0.0.860,11.0.0.107
1300,338,11.0.0.860,11.0.0.107
1300,338,11.0.0.860,11.0.0.180
1300,339,11.0.0.860,11.0.0.379
1300,339,11.0.0.860,11.0.0.688
1300,339,11.0.0.860,11.0.0.379
1300,339,11.0.0.860,11.0.0.379
1300,340,11.0.0.860,11.0.0.460
1300,342,11.0.0.860,11.0.0.535
1300,342,11.0.0.860,11.0.0.535
1300,345,11.0.0.860,11.0.0.876
1300,345,11.0.0.860,11.0.0.264
1300,345,11.0.0.860,11.0.0.264
1300,345,11.0.0.860,11.0.0.264
1300,345,11.0.0.860,11.0.0.876
1300,346,11.0.0.860,11.0.0.169
1300,347,11.0.0.860,11.0.0.468
1300,347,11.0.0.860,11.0.0.17
1300,347,11.0.0.860,11.0.0.468
1300,347,11.0.0.860,11.0.0.17
1300,347,11.0.0.860,11.0.0.468
1300,347,11.0.0.860,11.0.0.17
1300,349,11.0.0.860,11.0.0.900
1300,349,11.0.0.860,11.0.0.900
1300,349,11.0.0.860,11.0.0.900
1300,349,11.0.0.860,11.0.0.406
1300,349,11.0.0.860,11.0.0.406
1300,349,11.0.0.860,11.0.0.406
1300,350,11.0.0.860,11.0.0.842
1300,350,11.0.0.860,11.0.0.842
1300,350,11.0.0.860,11.0.0.827
1300,351,11.0.0.860,11.0.0.273
1300,351,11.0.0.860,11.0.0.839
1300,351,11.0.0.860,11.0.0.839
1300,351,11.0.0.860,11.0.0.273
1300,354,11.0.0.860,11.0.0.474
1300,354,11.0.0.860,11.0.0.474
1300,355,11.0.0.860,11.0.0.378
1300,355,11.0.0.860,11.0.0.169
1300,355,11.0.0.860,11.0.0.169
1300,355,11.0.0.860,11.0.0.169
1300,355,11.0.0.860,11.0.0.378
1300,357,11.0.0.860,11.0.0.333
1300,357,11.0.0.860,11.0.0.161
1300,357,11.0.0.860,11.0.0.161
1300,357,11.0.0.860,11.0.0.333
1300,359,11.0.0.860,11.0.0.701
1300,359,11.0.0.860,11.0.0.493
1300,361,11.0.0.860,11.0.0.721
1300,362,11.0.0.860,11.0.0.688
1300,362,11.0.0.860,11.0.0.688
1300,362,11.0.0.860,11.0.0.688
1300,363,11.0.0.860,11.0.0.754
1300,363,11.0.0.860,11.0.0.754
1300,363,11.0.0.860,11.0.0.754
1300,367,11.0.0.860,11.0.0.468
1300,367,11.0.0.860,11.0.0.468
1300,367,11.0.0.860,11.0.0.393
1300,367,11.0.0.860,11.0.0.468
1300,367,11.0.0.860,11.0.0.393
1300,369,11.0.0.860,11.0.0.519
1300,369,11.0.0.860,11.0.0.519
1300,369,11.0.0.860,11.0.0.519
1300,369,11.0.0.860,11.0.0.486
1300,370,11.0.0.860,11.0.0.486
1300,371,11.0.0.860,11.0.0.470
1300,371,11.0.0.860,11.0.0.470
1300,374,11.0.0.860,11.0.0.451
1300,376,11.0.0.860,11.0.0.107
1300,376,11.0.0.860,11.0.0.319
1300,376,11.0.0.860,11.0.0.107
1300,377,11.0.0.860,11.0.0.145
1300,377,11.0.0.860,11.0.0.145
1300,377,11.0.0.860,11.0.0.145
1300,378,11.0.0.860,11.0.0.125
1300,378,11.0.0.860,11.0.0.625
1300,378,11.0.0.860,11.0.0.625
1300,378,11.0.0.860,11.0.0.125
1300,378,11.0.0.860,11.0.0.625
1300,380,11.0.0.860,11.0.0.560
1300,380,11.0.0.860,11.0.0.560
1300,380,11.0.0.860,11.0.0.560
1300,381,11.0.0.860,11.0.0.525
1300,381,11.0.0.860,11.0.0.525
1300,383,11.0.0.860,11.0.0.539
1300,383,11.0.0.860,11.0.0.539
1300,385,11.0.0.860,11.0.0.322
1300,385,11.0.0.860,11.0.0.322
1300,386,11.0.0.860,11.0.0.625
1300,387,11.0.0.860,11.0.0.386
1300,387,11.0.0.860,11.0.0.386
1300,387,11.0.0.860,11.0.0.386
1300,389,11.0.0.860,11.0.0.460
1300,389,11.0.0.860,11.0.0.169
1300,389,11.0.0.860,11.0.0.169
1300,390,11.0.0.860,11.0.0.333
1300,390,11.0.0.860,11.0.0.701
1300,390,11.0.0.860,11.0.0.701
1300,390,11.0.0.860,11.0.0.333
1300,391,11.0.0.860,11.0.0.454
1300,391,11.0.0.860,11.0.0.454
1300,392,11.0.0.860,11.0.0.900
1300,392,11.0.0.860,11.0.0.8
1300,392,11.0.0.860,11.0.0.900
1300,392,11.0.0.860,11.0.0.8
1300,392,11.0.0.860,11.0.0.8
1300,392,11.0.0.860,11.0.0.900
1300,393,11.0.0.860,11.0.0.433
1300,393,11.0.0.860,11.0.0.433
1300,393,11.0.0.860,11.0.0.297
1300,393,11.0.0.860,11.0.0.433
1300,393,11.0.0.860,11.0.0.297
1300,395,11.0.0.860,11.0.0.190
1300,395,11.0.0.860,11.0.0.190
1300,395,11.0.0.860,11.0.0.190
1300,395,11.0.0.860,11.0.0.386
1300,396,11.0.0.860,11.0.0.593
1300,396,11.0.0.860,11.0.0.593
1300,397,11.0.0.860,11.0.0.322
1300,397,11.0.0.860,11.0.0.894
1300,397,11.0.0.860,11.0.0.322
1300,397,11.0.0.860,11.0.0.894
1300,397,11.0.0.860,11.0.0.322
1300,398,11.0.0.860,11.0.0.433
1300,398,11.0.0.860,11.0.0.433
1300,398,11.0.0.860,11.0.0.433
1300,398,11.0.0.860,11.0.0.220
1300,401,11.0.0.860,11.0.0.246
1300,401,11.0.0.860,11.0.0.246
1300,402,11.0.0.860,11.0.0.393
1300,402,11.0.0.860,11.0.0.393
1300,403,11.0.0.860,11.0.0.523
1300,403,11.0.0.860,11.0.0.523
1300,403,11.0.0.860,11.0.0.842
1300,403,11.0.0.860,11.0.0.842
1300,404,11.0.0.860,11.0.0.588
1300,404,11.0.0.860,11.0.0.588
1300,405,11.0.0.860,11.0.0.190
1300,405,11.0.0.860,11.0.0.53
1300,405,11.0.0.860,11.0.0.190
1300,405,11.0.0.860,11.0.0.53
1300,405,11.0.0.860,11.0.0.53
1300,407,11.0.0.860,11.0.0.804
1300,407,11.0.0.860,11.0.0.875
1300,407,11.0.0.860,11.0.0.875
1300,407,11.0.0.860,11.0.0.875
1300,409,11.0.0.860,11.0.0.618
1300,409,11.0.0.860,11.0.0.618
1300,410,11.0.0.860,11.0.0.14
1300,410,11.0.0.860,11.0.0.14
1300,410,11.0.0.860,11.0.0.14
1300,411,11.0.0.860,11.0.0.53
1300,411,11.0.0.860,11.0.0.53
1300,412,11.0.0.860,11.0.0.379
1300,412,11.0.0.860,11.0.0.379
1300,412,11.0.0.860,11.0.0.379
1300,415,11.0.0.860,11.0.0.8
1300,415,11.0.0.860,11.0.0.8
1300,418,11.0.0.860,11.0.0.718
1300,418,11.0.0.860,11.0.0.386
1300,418,11.0.0.860,11.0.0.718
1300,419,11.0.0.860,11.0.0.701
1300,419,11.0.0.860,11.0.0.701
1300,419,11.0.0.860,11.0.0.701
1300,420,11.0.0.860,11.0.0.424
1300,420,11.0.0.860,11.0.0.424
1300,420,11.0.0.860,11.0.0.736
1300,420,11.0.0.860,11.0.0.424
1300,420,11.0.0.860,11.0.0.736
1300,421,11.0.0.860,11.0.0.470
1300,421,11.0.0.860,11.0.0.470
1300,422,11.0.0.860,11.0.0.633
1300,422,11.0.0.860,11.0.0.633
1300,422,11.0.0.860,11.0.0.633
1300,424,11.0.0.860,11.0.0.297
1300,424,11.0.0.860,11.0.0.297
1300,425,11.0.0.860,11.0.0.832
1300,425,11.0.0.860,11.0.0.832
1300,426,11.0.0.860,11.0.0.838
1300,426,11.0.0.860,11.0.0.560
1300,426,11.0.0.860,11.0.0.838
1300,427,11.0.0.860,11.0.0.501
1300,427,11.0.0.860,11.0.0.297
1300,427,11.0.0.860,11.0.0.297
1300,427,11.0.0.860,11.0.0.501
1300,428,11.0.0.860,11.0.0.53
1300,428,11.0.0.860,11.0.0.53
1300,429,11.0.0.860,11.0.0.125
1300,430,11.0.0.860,11.0.0.190
1300,430,11.0.0.860,11.0.0.145
1300,430,11.0.0.860,11.0.0.190
1300,430,11.0.0.860,11.0.0.145
1300,430,11.0.0.860,11.0.0.145
1300,432,11.0.0.860,11.0.0.53
1300,432,11.0.0.860,11.0.0.53
1300,432,11.0.0.860,11.0.0.53
1300,433,11.0.0.860,11.0.0.474
1300,435,11.0.0.860,11.0.0.633
1300,435,11.0.0.860,11.0.0.224
1300,435,11.0.0.860,11.0.0.633
1300,435,11.0.0.860,11.0.0.633
1300,437,11.0.0.860,11.0.0.468
1300,437,11.0.0.860,11.0.0.468
1300,439,11.0.0.860,11.0.0.460
1300,439,11.0.0.860,11.0.0.535
1300,439,11.0.0.860,11.0.0.535
1300,439,11.0.0.860,11.0.0.460
1300,442,11.0.0.860,11.0.0.333
1300,442,11.0.0.860,11.0.0.519
1300,442,11.0.0.860,11.0.0.519
1300,442,11.0.0.860,11.0.0.333
1300,442,11.0.0.860,11.0.0.333
1300,442,11.0.0.860,11.0.0.519
1300,443,11.0.0.860,11.0.0.430
1300,443,11.0.0.860,11.0.0.720
1300,443,11.0.0.860,11.0.0.430
1300,443,11.0.0.860,11.0.0.430
1300,444,11.0.0.860,11.0.0.53
1300,444,11.0.0.860,11.0.0.53
1300,444,11.0.0.860,11.0.0.53
1300,445,11.0.0.860,11.0.0.756
1300,445,11.0.0.860,11.0.0.306
1300,445,11.0.0.860,11.0.0.756
1300,445,11.0.0.860,11.0.0.306
1300,446,11.0.0.860,11.0.0.393
1300,446,11.0.0.860,11.0.0.393
1300,447,11.0.0.860,11.0.0.535
1300,447,11.0.0.860,11.0.0.535
1300,448,11.0.0.860,11.0.0.633
1300,448,11.0.0.860,11.0.0.633
1300,448,11.0.0.860,11.0.0.273
1300,448,11.0.0.860,11.0.0.633
1300,449,11.0.0.860,11.0.0.145
1300,449,11.0.0.860,11.0.0.145
1300,450,11.0.0.860,11.0.0.876
1300,450,11.0.0.860,11.0.0.876
1300,450,11.0.0.860,11.0.0.876
1300,452,11.0.0.860,11.0.0.720
1300,452,11.0.0.860,11.0.0.720
1300,452,11.0.0.860,11.0.0.876
1300,452,11.0.0.860,11.0.0.876
1300,453,11.0.0.860,11.0.0.139
1300,453,11.0.0.860,11.0.0.139
1300,453,11.0.0.860,11.0.0.900
1300,453,11.0.0.860,11.0.0.139
1300,453,11.0.0.860,11.0.0.900
1300,454,11.0.0.860,11.0.0.169
1300,454,11.0.0.860,11.0.0.169
1300,455,11.0.0.860,11.0.0.395
1300,455,11.0.0.860,11.0.0.395
1300,457,11.0.0.860,11.0.0.493
1300,457,11.0.0.860,11.0.0.493
1300,457,11.0.0.860,11.0.0.493
1300,459,11.0.0.860,11.0.0.813
1300,459,11.0.0.860,11.0.0.813
1300,459,11.0.0.860,11.0.0.846
1300,459,11.0.0.860,11.0.0.846
1300,459,11.0.0.860,11.0.0.846
1300,460,11.0.0.860,11.0.0.378
1300,460,11.0.0.860,11.0.0.378
1300,461,11.0.0.860,11.0.0.846
1300,461,11.0.0.860,11.0.0.14
1300,461,11.0.0.860,11.0.0.14
1300,461,11.0.0.860,11.0.0.14
1300,462,11.0.0.860,11.0.0.685
1300,462,11.0.0.860,11.0.0.685
1300,465,11.0.0.860,11.0.0.839
1300,465,11.0.0.860,11.0.0.839
1300,466,11.0.0.860,11.0.0.842
1300,466,11.0.0.860,11.0.0.633
1300,466,11.0.0.860,11.0.0.842
1300,466,11.0.0.860,11.0.0.633
1300,467,11.0.0.860,11.0.0.682
1300,467,11.0.0.860,11.0.0.736
1300,467,11.0.0.860,11.0.0.736
1300,467,11.0.0.860,11.0.0.736
1300,470,11.0.0.860,11.0.0.161
1300,470,11.0.0.860,11.0.0.161
1300,471,11.0.0.860,11.0.0.625
1300,471,11.0.0.860,11.0.0.625
1300,471,11.0.0.860,11.0.0.625
1300,471,11.0.0.860,11.0.0.187
1300,471,11.0.0.860,11.0.0.187
1300,472,11.0.0.860,11.0.0.377
1300,472,11.0.0.860,11.0.0.377
1300,472,11.0.0.860,11.0.0.424
1300,472,11.0.0.860,11.0.0.377
1300,472,11.0.0.860,11.0.0.424
1300,473,11.0.0.860,11.0.0.88
1300,473,11.0.0.860,11.0.0.625
1300,473,11.0.0.860,11.0.0.625
1300,473,11.0.0.860,11.0.0.625
1300,474,11.0.0.860,11.0.0.409
1300,474,11.0.0.860,11.0.0.409
1300,474,11.0.0.860,11.0.0.633
1300,474,11.0.0.860,11.0.0.409
1300,474,11.0.0.860,11.0.0.633
1300,474,11.0.0.860,11.0.0.633
1300,476,11.0.0.860,11.0.0.393
1300,476,11.0.0.860,11.0.0.393
1300,476,11.0.0.860,11.0.0.804
1300,476,11.0.0.860,11.0.0.804
1300,477,11.0.0.860,11.0.0.818
1300,477,11.0.0.860,11.0.0.818
1300,477,11.0.0.860,11.0.0.454
1300,477,11.0.0.860,11.0.0.454
1300,477,11.0.0.860,11.0.0.818
1300,477,11.0.0.860,11.0.0.454
1300,478,11.0.0.860,11.0.0.409
1300,478,11.0.0.860,11.0.0.409
1300,478,11.0.0.860,11.0.0.818
1300,478,11.0.0.860,11.0.0.409
1300,479,11.0.0.860,11.0.0.599
1300,479,11.0.0.860,11.0.0.379
1300,479,11.0.0.860,11.0.0.379
1300,479,11.0.0.860,11.0.0.599
1300,479,11.0.0.860,11.0.0.599
1300,480,11.0.0.860,11.0.0.23
1300,480,11.0.0.860,11.0.0.101
1300,480,11.0.0.860,11.0.0.23
1300,481,11.0.0.860,11.0.0.169
1300,481,11.0.0.860,11.0.0.409
1300,481,11.0.0.860,11.0.0.169
1300,481,11.0.0.860,11.0.0.409
1300,481,11.0.0.860,11.0.0.169
1300,482,11.0.0.860,11.0.0.14
1300,482,11.0.0.860,11.0.0.382
1300,482,11.0.0.860,11.0.0.14
1300,482,11.0.0.860,11.0.0.382
1300,483,11.0.0.860,11.0.0.297
1300,483,11.0.0.860,11.0.0.297
1300,485,11.0.0.860,11.0.0.139
1300,485,11.0.0.860,11.0.0.139
1300,485,11.0.0.860,11.0.0.139
1300,486,11.0.0.860,11.0.0.451
1300,486,11.0.0.860,11.0.0.454
1300,486,11.0.0.860,11.0.0.451
1300,486,11.0.0.860,11.0.0.454
1300,486,11.0.0.860,11.0.0.454
1300,487,11.0.0.860,11.0.0.76
1300,487,11.0.0.860,11.0.0.190
1300,488,11.0.0.860,11.0.0.560
1300,488,11.0.0.860,11.0.0.560
1300,489,11.0.0.860,11.0.0.682
1300,490,11.0.0.860,11.0.0.17
1300,490,11.0.0.860,11.0.0.17
1300,490,11.0.0.860,11.0.0.17
1300,491,11.0.0.860,11.0.0.48
1300,491,11.0.0.860,11.0.0.459
1300,491,11.0.0.860,11.0.0.48
1300,492,11.0.0.860,11.0.0.410
1300,492,11.0.0.860,11.0.0.410
1300,492,11.0.0.860,11.0.0.410
1300,493,11.0.0.860,11.0.0.180
1300,493,11.0.0.860,11.0.0.382
1300,493,11.0.0.860,11.0.0.382
1300,495,11.0.0.860,11.0.0.539
1300,495,11.0.0.860,11.0.0.539
1300,495,11.0.0.860,11.0.0.539
1300,496,11.0.0.860,11.0.0.273
1300,496,11.0.0.860,11.0.0.273
1300,497,11.0.0.860,11.0.0.456
1300,497,11.0.0.860,11.0.0.456
1300,497,11.0.0.860,11.0.0.456
1300,498,11.0.0.860,11.0.0.406
1300,498,11.0.0.860,11.0.0.406
1300,499,11.0.0.860,11.0.0.107
1300,499,11.0.0.860,11.0.0.107
1300,501,11.0.0.860,11.0.0.478
1300,501,11.0.0.860,11.0.0.478
1300,501,11.0.0.860,11.0.0.393
1300,501,11.0.0.860,11.0.0.393
1300,503,11.0.0.860,11.0.0.88
1300,503,11.0.0.860,11.0.0.88
1300,504,11.0.0.860,11.0.0.48
1300,508,11.0.0.860,11.0.0.625
1300,508,11.0.0.860,11.0.0.599
1300,508,11.0.0.860,11.0.0.625
1300,508,11.0.0.860,11.0.0.599
1300,510,11.0.0.860,11.0.0.14
1300,511,11.0.0.860,11.0.0.560
1300,511,11.0.0.860,11.0.0.560
1300,511,11.0.0.860,11.0.0.560
1300,511,11.0.0.860,11.0.0.410
1300,511,11.0.0.860,11.0.0.410
1300,512,11.0.0.860,11.0.0.456
1300,512,11.0.0.860,11.0.0.838
1300,512,11.0.0.860,11.0.0.456
1300,513,11.0.0.860,11.0.0.685
1300,513,11.0.0.860,11.0.0.685
1300,514,11.0.0.860,11.0.0.685
1300,514,11.0.0.860,11.0.0.685
1300,514,11.0.0.860,11.0.0.474
1300,514,11.0.0.860,11.0.0.474
1300,515,11.0.0.860,11.0.0.827
1300,515,11.0.0.860,11.0.0.827
1300,515,11.0.0.860,11.0.0.459
1300,516,11.0.0.860,11.0.0.395
1300,516,11.0.0.860,11.0.0.539
1300,516,11.0.0.860,11.0.0.395
1300,516,11.0.0.860,11.0.0.539
1300,516,11.0.0.860,11.0.0.395
1300,517,11.0.0.860,11.0.0.827
1300,517,11.0.0.860,11.0.0.220
1300,517,11.0.0.860,11.0.0.220
1300,517,11.0.0.860,11.0.0.220
1300,519,11.0.0.860,11.0.0.525
1300,519,11.0.0.860,11.0.0.804
1300,520,11.0.0.860,11.0.0.475
1300,520,11.0.0.860,11.0.0.475
1300,520,11.0.0.860,11.0.0.535
1300,520,11.0.0.860,11.0.0.475
1300,520,11.0.0.860,11.0.0.535
1300,521,11.0.0.860,11.0.0.171
1300,521,11.0.0.860,11.0.0.171
1300,525,11.0.0.860,11.0.0.892
1300,525,11.0.0.860,11.0.0.430
1300,525,11.0.0.860,11.0.0.892
1300,525,11.0.0.860,11.0.0.892
1300,527,11.0.0.860,11.0.0.379
1300,527,11.0.0.860,11.0.0.393
1300,527,11.0.0.860,11.0.0.379
1300,527,11.0.0.860,11.0.0.393
1300,528,11.0.0.860,11.0.0.685
1300,528,11.0.0.860,11.0.0.685
1300,528,11.0.0.860,11.0.0.110
1300,529,11.0.0.860,11.0.0.430
1300,529,11.0.0.860,11.0.0.386
1300,529,11.0.0.860,11.0.0.430
1300,531,11.0.0.860,11.0.0.450
1300,532,11.0.0.860,11.0.0.701
1300,532,11.0.0.860,11.0.0.838
1300,532,11.0.0.860,11.0.0.701
1300,534,11.0.0.860,11.0.0.718
1300,534,11.0.0.860,11.0.0.718
1300,534,11.0.0.860,11.0.0.382
1300,534,11.0.0.860,11.0.0.382
1300,535,11.0.0.860,11.0.0.813
1300,535,11.0.0.860,11.0.0.813
1300,536,11.0.0.860,11.0.0.720
1300,536,11.0.0.860,11.0.0.720
1300,537,11.0.0.860,11.0.0.23
1300,538,11.0.0.860,11.0.0.846
1300,538,11.0.0.860,11.0.0.846
1300,538,11.0.0.860,11.0.0.846
1300,540,11.0.0.860,11.0.0.625
1300,540,11.0.0.860,11.0.0.625
1300,540,11.0.0.860,11.0.0.625
1300,540,11.0.0.860,11.0.0.450
1300,540,11.0.0.860,11.0.0.450
1300,541,11.0.0.860,11.0.0.450
1300,541,11.0.0.860,11.0.0.450
1300,541,11.0.0.860,11.0.0.523
1300,541,11.0.0.860,11.0.0.523
1300,543,11.0.0.860,11.0.0.393
1300,543,11.0.0.860,11.0.0.250
1300,543,11.0.0.860,11.0.0.393
1300,543,11.0.0.860,11.0.0.250
1300,543,11.0.0.860,11.0.0.250
1300,544,11.0.0.860,11.0.0.486
1300,545,11.0.0.860,11.0.0.451
1300,546,11.0.0.860,11.0.0.633
1300,547,11.0.0.860,11.0.0.169
1300,547,11.0.0.860,11.0.0.169
1300,548,11.0.0.860,11.0.0.145
1300,548,11.0.0.860,11.0.0.145
1300,549,11.0.0.860,11.0.0.804
1300,549,11.0.0.860,11.0.0.804
1300,550,11.0.0.860,11.0.0.460
1300,550,11.0.0.860,11.0.0.460
1300,553,11.0.0.860,11.0.0.169
1300,557,11.0.0.860,11.0.0.450
1300,557,11.0.0.860,11.0.0.399
1300,557,11.0.0.860,11.0.0.450
1300,557,11.0.0.860,11.0.0.450
1300,558,11.0.0.860,11.0.0.365
1300,559,11.0.0.860,11.0.0.220
1300,559,11.0.0.860,11.0.0.523
1300,559,11.0.0.860,11.0.0.523
1300,559,11.0.0.860,11.0.0.220
1300,559,11.0.0.860,11.0.0.523
1300,559,11.0.0.860,11.0.0.220
1300,562,11.0.0.860,11.0.0.525
1300,562,11.0.0.860,11.0.0.525
1300,562,11.0.0.860,11.0.0.125
1300,562,11.0.0.860,11.0.0.125
1300,562,11.0.0.860,11.0.0.525
1300,563,11.0.0.860,11.0.0.525
1300,563,11.0.0.860,11.0.0.525
1300,563,11.0.0.860,11.0.0.451
1300,564,11.0.0.860,11.0.0.721
1300,564,11.0.0.860,11.0.0.721
1300,564,11.0.0.860,11.0.0.470
1300,565,11.0.0.860,11.0.0.456
1300,566,11.0.0.860,11.0.0.250
1300,566,11.0.0.860,11.0.0.53
1300,566,11.0.0.860,11.0.0.53
1300,566,11.0.0.860,11.0.0.250
1300,567,11.0.0.860,11.0.0.399
1300,567,11.0.0.860,11.0.0.399
1300,567,11.0.0.860,11.0.0.365
1300,567,11.0.0.860,11.0.0.399
1300,567,11.0.0.860,11.0.0.365
1300,568,11.0.0.860,11.0.0.618
1300,568,11.0.0.860,11.0.0.273
1300,568,11.0.0.860,11.0.0.618
1300,568,11.0.0.860,11.0.0.618
1300,569,11.0.0.860,11.0.0.273
1300,569,11.0.0.860,11.0.0.273
1300,569,11.0.0.860,11.0.0.273
1300,571,11.0.0.860,11.0.0.485
1300,571,11.0.0.860,11.0.0.88
1300,571,11.0.0.860,11.0.0.88
1300,571,11.0.0.860,11.0.0.88
1300,571,11.0.0.860,11.0.0.485
1300,571,11.0.0.860,11.0.0.485
1300,573,11.0.0.860,11.0.0.485
1300,573,11.0.0.860,11.0.0.382
1300,573,11.0.0.860,11.0.0.485
1300,573,11.0.0.860,11.0.0.485
1300,573,11.0.0.860,11.0.0.382
1300,576,11.0.0.860,11.0.0.468
1300,576,11.0.0.860,11.0.0.468
1300,577,11.0.0.860,11.0.0.187
1300,580,11.0.0.860,11.0.0.804
1300,580,11.0.0.860,11.0.0.804
1300,581,11.0.0.860,11.0.0.625
1300,582,11.0.0.860,11.0.0.838
1300,582,11.0.0.860,11.0.0.838
1300,583,11.0.0.860,11.0.0.475
1300,583,11.0.0.860,11.0.0.475
1300,585,11.0.0.860,11.0.0.101
1300,585,11.0.0.860,11.0.0.685
1300,585,11.0.0.860,11.0.0.101
1300,585,11.0.0.860,11.0.0.101
1300,585,11.0.0.860,11.0.0.685
1300,585,11.0.0.860,11.0.0.685
1300,586,11.0.0.860,11.0.0.685
1300,586,11.0.0.860,11.0.0.379
1300,586,11.0.0.860,11.0.0.685
1300,586,11.0.0.860,11.0.0.685
1300,587,11.0.0.860,11.0.0.410
1300,587,11.0.0.860,11.0.0.410
1300,587,11.0.0.860,11.0.0.688
1300,587,11.0.0.860,11.0.0.410
1300,588,11.0.0.860,11.0.0.799
1300,588,11.0.0.860,11.0.0.799
1300,589,11.0.0.860,11.0.0.468
1300,589,11.0.0.860,11.0.0.688
1300,589,11.0.0.860,11.0.0.468
1300,589,11.0.0.860,11.0.0.688
1300,590,11.0.0.860,11.0.0.167
1300,590,11.0.0.860,11.0.0.167
1300,590,11.0.0.860,11.0.0.167
1300,595,11.0.0.860,11.0.0.387
1300,595,11.0.0.860,11.0.0.387
1300,595,11.0.0.860,11.0.0.387
1300,595,11.0.0.860,11.0.0.839
1300,595,11.0.0.860,11.0.0.839
1300,595,11.0.0.860,11.0.0.839
1300,596,11.0.0.860,11.0.0.754
1300,596,11.0.0.860,11.0.0.754
1300,596,11.0.0.860,11.0.0.754
1300,597,11.0.0.860,11.0.0.818
1300,597,11.0.0.860,11.0.0.818
1300,599,11.0.0.860,11.0.0.306
1300,599,11.0.0.860,11.0.0.171
1300,599,11.0.0.860,11.0.0.306
1300,599,11.0.0.860,11.0.0.306
1300,601,11.0.0.860,11.0.0.379
1300,603,11.0.0.860,11.0.0.95
1300,603,11.0.0.860,11.0.0.95
1300,604,11.0.0.860,11.0.0.519
1300,604,11.0.0.860,11.0.0.519
1300,604,11.0.0.860,11.0.0.519
1300,606,11.0.0.860,11.0.0.475
1300,606,11.0.0.860,11.0.0.264
1300,606,11.0.0.860,11.0.0.264
1300,606,11.0.0.860,11.0.0.264
1300,607,11.0.0.860,11.0.0.145
1300,607,11.0.0.860,11.0.0.145
1300,607,11.0.0.860,11.0.0.393
1300,607,11.0.0.860,11.0.0.145
1300,607,11.0.0.860,11.0.0.393
1300,608,11.0.0.860,11.0.0.685
1300,612,11.0.0.860,11.0.0.588
1300,613,11.0.0.860,11.0.0.101
1300,613,11.0.0.860,11.0.0.101
1300,613,11.0.0.860,11.0.0.101
1300,614,11.0.0.860,11.0.0.187
1300,614,11.0.0.860,11.0.0.187
1300,615,11.0.0.860,11.0.0.395
1300,615,11.0.0.860,11.0.0.395
1300,616,11.0.0.860,11.0.0.88
1300,616,11.0.0.860,11.0.0.88
1300,618,11.0.0.860,11.0.0.827
1300,618,11.0.0.860,11.0.0.161
1300,618,11.0.0.860,11.0.0.827
1300,618,11.0.0.860,11.0.0.827
1300,620,11.0.0.860,11.0.0.813
1300,620,11.0.0.860,11.0.0.813
1300,620,11.0.0.860,11.0.0.813
1300,621,11.0.0.860,11.0.0.333
1300,621,11.0.0.860,11.0.0.333
1300,621,11.0.0.860,11.0.0.333
1300,622,11.0.0.860,11.0.0.599
1300,622,11.0.0.860,11.0.0.599
1300,622,11.0.0.860,11.0.0.145
1300,622,11.0.0.860,11.0.0.599
1300,622,11.0.0.860,11.0.0.145
1300,622,11.0.0.860,11.0.0.145
1300,624,11.0.0.860,11.0.0.525
1300,624,11.0.0.860,11.0.0.525
1300,624,11.0.0.860,11.0.0.539
1300,625,11.0.0.860,11.0.0.180
1300,625,11.0.0.860,11.0.0.180
1300,625,11.0.0.860,11.0.0.180
1300,626,11.0.0.860,11.0.0.478
1300,626,11.0.0.860,11.0.0.478
1300,626,11.0.0.860,11.0.0.17
1300,627,11.0.0.860,11.0.0.424
1300,627,11.0.0.860,11.0.0.424
1300,627,11.0.0.860,11.0.0.424
1300,628,11.0.0.860,11.0.0.756
1300,628,11.0.0.860,11.0.0.95
1300,628,11.0.0.860,11.0.0.756
1300,628,11.0.0.860,11.0.0.95
1300,629,11.0.0.860,11.0.0.365
1300,629,11.0.0.860,11.0.0.365
1300,631,11.0.0.860,11.0.0.685
1300,632,11.0.0.860,11.0.0.167
1300,632,11.0.0.860,11.0.0.167
1300,633,11.0.0.860,11.0.0.377
1300,633,11.0.0.860,11.0.0.377
1300,634,11.0.0.860,11.0.0.456
1300,634,11.0.0.860,11.0.0.161
1300,636,11.0.0.860,11.0.0.593
1300,637,11.0.0.860,11.0.0.220
1300,638,11.0.0.860,11.0.0.688
1300,638,11.0.0.860,11.0.0.688
1300,640,11.0.0.860,11.0.0.633
1300,640,11.0.0.860,11.0.0.633
1300,640,11.0.0.860,11.0.0.633
1300,641,11.0.0.860,11.0.0.379
1300,642,11.0.0.860,11.0.0.451
1300,642,11.0.0.860,11.0.0.273
1300,642,11.0.0.860,11.0.0.273
1300,642,11.0.0.860,11.0.0.273
1300,642,11.0.0.860,11.0.0.451
1300,642,11.0.0.860,11.0.0.451
1300,646,11.0.0.860,11.0.0.187
1300,646,11.0.0.860,11.0.0.187
1300,646,11.0.0.860,11.0.0.187
1300,647,11.0.0.860,11.0.0.161
1300,647,11.0.0.860,11.0.0.599
1300,647,11.0.0.860,11.0.0.161
1300,647,11.0.0.860,11.0.0.599
1300,647,11.0.0.860,11.0.0.599
1300,647,11.0.0.860,11.0.0.161
1300,648,11.0.0.860,11.0.0.410
1300,648,11.0.0.860,11.0.0.410
1300,649,11.0.0.860,11.0.0.720
1300,649,11.0.0.860,11.0.0.460
1300,649,11.0.0.860,11.0.0.720
1300,649,11.0.0.860,11.0.0.720
1300,649,11.0.0.860,11.0.0.460
1300,651,11.0.0.860,11.0.0.744
1300,651,11.0.0.860,11.0.0.17
1300,651,11.0.0.860,11.0.0.17
1300,651,11.0.0.860,11.0.0.744
1300,652,11.0.0.860,11.0.0.474
1300,652,11.0.0.860,11.0.0.474
1300,652,11.0.0.860,11.0.0.474
1300,652,11.0.0.860,11.0.0.813
1300,652,11.0.0.860,11.0.0.813
1300,656,11.0.0.860,11.0.0.486
1300,656,11.0.0.860,11.0.0.376
1300,656,11.0.0.860,11.0.0.486
1300,656,11.0.0.860,11.0.0.486
1300,656,11.0.0.860,11.0.0.376
1300,657,11.0.0.860,11.0.0.92
1300,660,11.0.0.860,11.0.0.333
1300,660,11.0.0.860,11.0.0.333
1300,660,11.0.0.860,11.0.0.333
1300,663,11.0.0.860,11.0.0.167
1300,663,11.0.0.860,11.0.0.167
1300,663,11.0.0.860,11.0.0.167
1300,664,11.0.0.860,11.0.0.110
1300,664,11.0.0.860,11.0.0.894
1300,664,11.0.0.860,11.0.0.110
1300,664,11.0.0.860,11.0.0.894
1300,665,11.0.0.860,11.0.0.399
1300,665,11.0.0.860,11.0.0.399
1300,665,11.0.0.860,11.0.0.468
1300,665,11.0.0.860,11.0.0.468
1300,666,11.0.0.860,11.0.0.478
1300,666,11.0.0.860,11.0.0.478
1300,668,11.0.0.860,11.0.0.23
1300,668,11.0.0.860,11.0.0.23
1300,668,11.0.0.860,11.0.0.23
1300,669,11.0.0.860,11.0.0.818
1300,669,11.0.0.860,11.0.0.76
1300,669,11.0.0.860,11.0.0.76
1300,669,11.0.0.860,11.0.0.76
1300,669,11.0.0.860,11.0.0.818
1300,670,11.0.0.860,11.0.0.438
1300,670,11.0.0.860,11.0.0.438
1300,671,11.0.0.860,11.0.0.475
1300,671,11.0.0.860,11.0.0.818
1300,671,11.0.0.860,11.0.0.475
1300,671,11.0.0.860,11.0.0.475
1300,671,11.0.0.860,11.0.0.818
1300,672,11.0.0.860,11.0.0.378
1300,672,11.0.0.860,11.0.0.378
1300,673,11.0.0.860,11.0.0.523
1300,673,11.0.0.860,11.0.0.523
1300,673,11.0.0.860,11.0.0.535
1300,673,11.0.0.860,11.0.0.535
1300,674,11.0.0.860,11.0.0.48
1300,674,11.0.0.860,11.0.0.593
1300,674,11.0.0.860,11.0.0.593
1300,675,11.0.0.860,11.0.0.161
1300,675,11.0.0.860,11.0.0.474
1300,675,11.0.0.860,11.0.0.161
1300,675,11.0.0.860,11.0.0.161
1300,675,11.0.0.860,11.0.0.474
1300,677,11.0.0.860,11.0.0.519
1300,677,11.0.0.860,11.0.0.519
1300,678,11.0.0.860,11.0.0.180
1300,678,11.0.0.860,11.0.0.180
1300,678,11.0.0.860,11.0.0.180
1300,679,11.0.0.860,11.0.0.171
1300,679,11.0.0.860,11.0.0.171
1300,680,11.0.0.860,11.0.0.433
1300,680,11.0.0.860,11.0.0.264
1300,682,11.0.0.860,11.0.0.166
1300,682,11.0.0.860,11.0.0.756
1300,682,11.0.0.860,11.0.0.756
1300,682,11.0.0.860,11.0.0.166
1300,683,11.0.0.860,11.0.0.588
1300,683,11.0.0.860,11.0.0.333
1300,683,11.0.0.860,11.0.0.588
1300,683,11.0.0.860,11.0.0.588
1300,684,11.0.0.860,11.0.0.409
1300,684,11.0.0.860,11.0.0.875
1300,684,11.0.0.860,11.0.0.875
1300,684,11.0.0.860,11.0.0.875
1300,684,11.0.0.860,11.0.0.409
1300,684,11.0.0.860,11.0.0.409
1300,685,11.0.0.860,11.0.0.53
1300,685,11.0.0.860,11.0.0.53
1300,685,11.0.0.860,11.0.0.756
1300,685,11.0.0.860,11.0.0.53
1300,686,11.0.0.860,11.0.0.588
1300,686,11.0.0.860,11.0.0.846
1300,686,11.0.0.860,11.0.0.846
1300,686,11.0.0.860,11.0.0.846
1300,687,11.0.0.860,11.0.0.525
1300,688,11.0.0.860,11.0.0.377
1300,688,11.0.0.860,11.0.0.377
1300,690,11.0.0.860,11.0.0.246
1300,690,11.0.0.860,11.0.0.17
1300,690,11.0.0.860,11.0.0.17
1300,690,11.0.0.860,11.0.0.17
1300,690,11.0.0.860,11.0.0.246
1300,693,11.0.0.860,11.0.0.525
1300,693,11.0.0.860,11.0.0.525
1300,693,11.0.0.860,11.0.0.525
1300,694,11.0.0.860,11.0.0.450
1300,694,11.0.0.860,11.0.0.246
1300,694,11.0.0.860,11.0.0.246
1300,694,11.0.0.860,11.0.0.450
1300,694,11.0.0.860,11.0.0.450
1300,695,11.0.0.860,11.0.0.378
1300,696,11.0.0.860,11.0.0.736
1300,698,11.0.0.860,11.0.0.523
1300,698,11.0.0.860,11.0.0.523
1300,698,11.0.0.860,11.0.0.220
1300,698,11.0.0.860,11.0.0.220
1300,698,11.0.0.860,11.0.0.523
1300,699,11.0.0.860,11.0.0.685
1300,699,11.0.0.860,11.0.0.685
1300,700,11.0.0.860,11.0.0.827
1300,700,11.0.0.860,11.0.0.827
1300,700,11.0.0.860,11.0.0.827
1300,701,11.0.0.860,11.0.0.171
1300,701,11.0.0.860,11.0.0.171
1300,704,11.0.0.860,11.0.0.365
1300,705,11.0.0.860,11.0.0.264
1300,705,11.0.0.860,11.0.0.264
1300,705,11.0.0.860,11.0.0.633
1300,705,11.0.0.860,11.0.0.264
1300,706,11.0.0.860,11.0.0.17
1300,708,11.0.0.860,11.0.0.450
1300,708,11.0.0.860,11.0.0.450
1300,708,11.0.0.860,11.0.0.450
1300,709,11.0.0.860,11.0.0.560
1300,709,11.0.0.860,11.0.0.876
1300,709,11.0.0.860,11.0.0.560
1300,709,11.0.0.860,11.0.0.876
1300,709,11.0.0.860,11.0.0.876
1300,710,11.0.0.860,11.0.0.171
1300,710,11.0.0.860,11.0.0.685
1300,710,11.0.0.860,11.0.0.685
1300,710,11.0.0.860,11.0.0.685
1300,711,11.0.0.860,11.0.0.273
1300,711,11.0.0.860,11.0.0.720
1300,711,11.0.0.860,11.0.0.273
1300,711,11.0.0.860,11.0.0.720
1300,711,11.0.0.860,11.0.0.720
1300,712,11.0.0.860,11.0.0.454
1300,712,11.0.0.860,11.0.0.599
1300,712,11.0.0.860,11.0.0.454
1300,712,11.0.0.860,11.0.0.599
1300,712,11.0.0.860,11.0.0.599
1300,713,11.0.0.860,11.0.0.501
1300,713,11.0.0.860,11.0.0.246
1300,713,11.0.0.860,11.0.0.501
1300,713,11.0.0.860,11.0.0.246
1300,713,11.0.0.860,11.0.0.501
1300,717,11.0.0.860,11.0.0.110
1300,717,11.0.0.860,11.0.0.470
1300,717,11.0.0.860,11.0.0.470
1300,717,11.0.0.860,11.0.0.110
1300,717,11.0.0.860,11.0.0.470
1300,718,11.0.0.860,11.0.0.633
1300,718,11.0.0.860,11.0.0.900
1300,718,11.0.0.860,11.0.0.633
1300,718,11.0.0.860,11.0.0.900
1300,718,11.0.0.860,11.0.0.900
1300,718,11.0.0.860,11.0.0.633
1300,719,11.0.0.860,11.0.0.171
1300,719,11.0.0.860,11.0.0.101
1300,719,11.0.0.860,11.0.0.101
1300,719,11.0.0.860,11.0.0.101
1300,721,11.0.0.860,11.0.0.378
1300,721,11.0.0.860,11.0.0.454
1300,721,11.0.0.860,11.0.0.454
1300,722,11.0.0.860,11.0.0.501
1300,722,11.0.0.860,11.0.0.365
1300,722,11.0.0.860,11.0.0.501
1300,722,11.0.0.860,11.0.0.501
1300,723,11.0.0.860,11.0.0.501
1300,723,11.0.0.860,11.0.0.501
1300,724,11.0.0.860,11.0.0.409
1300,724,11.0.0.860,11.0.0.409
1300,725,11.0.0.860,11.0.0.166
1300,725,11.0.0.860,11.0.0.110
1300,725,11.0.0.860,11.0.0.166
1300,727,11.0.0.860,11.0.0.297
1300,727,11.0.0.860,11.0.0.377
1300,727,11.0.0.860,11.0.0.377
1300,729,11.0.0.860,11.0.0.475
1300,729,11.0.0.860,11.0.0.475
1300,730,11.0.0.860,11.0.0.539
1300,730,11.0.0.860,11.0.0.539
1300,732,11.0.0.860,11.0.0.379
1300,732,11.0.0.860,11.0.0.379
1300,732,11.0.0.860,11.0.0.379
1300,732,11.0.0.860,11.0.0.365
1300,732,11.0.0.860,11.0.0.365
1300,733,11.0.0.860,11.0.0.171
1300,733,11.0.0.860,11.0.0.171
1300,733,11.0.0.860,11.0.0.749
1300,733,11.0.0.860,11.0.0.749
1300,733,11.0.0.860,11.0.0.749
1300,733,11.0.0.860,11.0.0.171
1300,734,11.0.0.860,11.0.0.161
1300,734,11.0.0.860,11.0.0.161
1300,735,11.0.0.860,11.0.0.754
1300,735,11.0.0.860,11.0.0.187
1300,735,11.0.0.860,11.0.0.187
1300,735,11.0.0.860,11.0.0.754
1300,735,11.0.0.860,11.0.0.187
1300,736,11.0.0.860,11.0.0.485
1300,736,11.0.0.860,11.0.0.839
1300,736,11.0.0.860,11.0.0.485
1300,736,11.0.0.860,11.0.0.839
1300,737,11.0.0.860,11.0.0.588
1300,737,11.0.0.860,11.0.0.588
1300,737,11.0.0.860,11.0.0.588
1300,739,11.0.0.860,11.0.0.409
1300,739,11.0.0.860,11.0.0.519
1300,739,11.0.0.860,11.0.0.519
1300,739,11.0.0.860,11.0.0.519
1300,740,11.0.0.860,11.0.0.451
1300,740,11.0.0.860,11.0.0.451
1300,740,11.0.0.860,11.0.0.438
1300,740,11.0.0.860,11.0.0.438
1300,740,11.0.0.860,11.0.0.451
1300,743,11.0.0.860,11.0.0.8
1300,743,11.0.0.860,11.0.0.8
1300,744,11.0.0.860,11.0.0.8
1300,744,11.0.0.860,11.0.0.8
1300,745,11.0.0.860,11.0.0.668
1300,745,11.0.0.860,11.0.0.668
1300,747,11.0.0.860,11.0.0.377
1300,747,11.0.0.860,11.0.0.250
1300,747,11.0.0.860,11.0.0.377
1300,747,11.0.0.860,11.0.0.250
1300,748,11.0.0.860,11.0.0.535
1300,748,11.0.0.860,11.0.0.386
1300,748,11.0.0.860,11.0.0.535
1300,748,11.0.0.860,11.0.0.386
1300,748,11.0.0.860,11.0.0.386
1300,750,11.0.0.860,11.0.0.430
1300,750,11.0.0.860,11.0.0.430
1300,750,11.0.0.860,11.0.0.430
1300,755,11.0.0.860,11.0.0.167
1300,757,11.0.0.860,11.0.0.588
1300,757,11.0.0.860,11.0.0.588
1300,758,11.0.0.860,11.0.0.180
1300,758,11.0.0.860,11.0.0.376
1300,758,11.0.0.860,11.0.0.376
1300,758,11.0.0.860,11.0.0.180
1300,759,11.0.0.860,11.0.0.187
1300,760,11.0.0.860,11.0.0.470
1300,760,11.0.0.860,11.0.0.756
1300,760,11.0.0.860,11.0.0.470
1300,761,11.0.0.860,11.0.0.95
1300,761,11.0.0.860,11.0.0.95
1300,761,11.0.0.860,11.0.0.95
1300,763,11.0.0.860,11.0.0.386
1300,763,11.0.0.860,11.0.0.386
1300,763,11.0.0.860,11.0.0.393
1300,763,11.0.0.860,11.0.0.393
1300,767,11.0.0.860,11.0.0.92
1300,767,11.0.0.860,11.0.0.92
1300,768,11.0.0.860,11.0.0.14
1300,768,11.0.0.860,11.0.0.493
1300,768,11.0.0.860,11.0.0.14
1300,768,11.0.0.860,11.0.0.493
1300,770,11.0.0.860,11.0.0.246
1300,770,11.0.0.860,11.0.0.246
1300,770,11.0.0.860,11.0.0.688
1300,770,11.0.0.860,11.0.0.246
1300,772,11.0.0.860,11.0.0.721
1300,772,11.0.0.860,11.0.0.838
1300,772,11.0.0.860,11.0.0.838
1300,772,11.0.0.860,11.0.0.721
1300,773,11.0.0.860,11.0.0.892
1300,773,11.0.0.860,11.0.0.892
1300,773,11.0.0.860,11.0.0.892
1300,775,11.0.0.860,11.0.0.190
1300,775,11.0.0.860,11.0.0.190
1300,776,11.0.0.860,11.0.0.781
1300,776,11.0.0.860,11.0.0.701
1300,776,11.0.0.860,11.0.0.701
1300,776,11.0.0.860,11.0.0.781
1300,777,11.0.0.860,11.0.0.399
1300,777,11.0.0.860,11.0.0.399
1300,777,11.0.0.860,11.0.0.701
1300,777,11.0.0.860,11.0.0.399
1300,778,11.0.0.860,11.0.0.433
1300,778,11.0.0.860,11.0.0.433
1300,778,11.0.0.860,11.0.0.433
1300,780,11.0.0.860,11.0.0.190
1300,780,11.0.0.860,11.0.0.190
1300,780,11.0.0.860,11.0.0.754
1300,780,11.0.0.860,11.0.0.190
1300,780,11.0.0.860,11.0.0.754
1300,781,11.0.0.860,11.0.0.273
1300,781,11.0.0.860,11.0.0.273
1300,781,11.0.0.860,11.0.0.273
1300,781,11.0.0.860,11.0.0.169
1300,783,11.0.0.860,11.0.0.125
1300,783,11.0.0.860,11.0.0.744
1300,783,11.0.0.860,11.0.0.125
1300,783,11.0.0.860,11.0.0.125
1300,783,11.0.0.860,11.0.0.744
1300,783,11.0.0.860,11.0.0.744
1300,786,11.0.0.860,11.0.0.399
1300,786,11.0.0.860,11.0.0.688
1300,788,11.0.0.860,11.0.0.167
1300,788,11.0.0.860,11.0.0.167
1300,789,11.0.0.860,11.0.0.224
1300,789,11.0.0.860,11.0.0.813
1300,789,11.0.0.860,11.0.0.224
1300,789,11.0.0.860,11.0.0.813
1300,790,11.0.0.860,11.0.0.625
1300,790,11.0.0.860,11.0.0.625
1300,792,11.0.0.860,11.0.0.468
1300,792,11.0.0.860,11.0.0.468
1300,792,11.0.0.860,11.0.0.468
1300,793,11.0.0.860,11.0.0.23
1300,793,11.0.0.860,11.0.0.145
1300,793,11.0.0.860,11.0.0.145
1300,793,11.0.0.860,11.0.0.145
1300,793,11.0.0.860,11.0.0.23
1300,794,11.0.0.860,11.0.0.264
1300,796,11.0.0.860,11.0.0.459
1300,796,11.0.0.860,11.0.0.588
1300,796,11.0.0.860,11.0.0.459
1300,796,11.0.0.860,11.0.0.588
1300,796,11.0.0.860,11.0.0.459
1300,796,11.0.0.860,11.0.0.588
1300,797,11.0.0.860,11.0.0.180
1300,797,11.0.0.860,11.0.0.599
1300,797,11.0.0.860,11.0.0.599
1300,797,11.0.0.860,11.0.0.180
1300,800,11.0.0.860,11.0.0.827
1300,804,11.0.0.860,11.0.0.720
1300,804,11.0.0.860,11.0.0.273
1300,804,11.0.0.860,11.0.0.720
1300,804,11.0.0.860,11.0.0.273
1300,804,11.0.0.860,11.0.0.273
1300,804,11.0.0.860,11.0.0.720
1300,805,11.0.0.860,11.0.0.756
1300,805,11.0.0.860,11.0.0.493
1300,805,11.0.0.860,11.0.0.756
1300,805,11.0.0.860,11.0.0.493
1300,806,11.0.0.860,11.0.0.409
1300,806,11.0.0.860,11.0.0.409
1300,806,11.0.0.860,11.0.0.539
1300,807,11.0.0.860,11.0.0.333
1300,807,11.0.0.860,11.0.0.333
1300,809,11.0.0.860,11.0.0.430
1300,810,11.0.0.860,11.0.0.535
1300,810,11.0.0.860,11.0.0.535
1300,811,11.0.0.860,11.0.0.892
1300,811,11.0.0.860,11.0.0.892
1300,812,11.0.0.860,11.0.0.171
1300,812,11.0.0.860,11.0.0.319
1300,812,11.0.0.860,11.0.0.171
1300,812,11.0.0.860,11.0.0.171
1300,813,11.0.0.860,11.0.0.813
1300,813,11.0.0.860,11.0.0.842
1300,813,11.0.0.860,11.0.0.813
1300,813,11.0.0.860,11.0.0.842
1300,814,11.0.0.860,11.0.0.76
1300,814,11.0.0.860,11.0.0.76
1300,814,11.0.0.860,11.0.0.76
1300,816,11.0.0.860,11.0.0.17
1300,816,11.0.0.860,11.0.0.17
1300,816,11.0.0.860,11.0.0.718
1300,816,11.0.0.860,11.0.0.17
1300,817,11.0.0.860,11.0.0.470
1300,818,11.0.0.860,11.0.0.721
1300,818,11.0.0.860,11.0.0.456
1300,818,11.0.0.860,11.0.0.721
1300,818,11.0.0.860,11.0.0.456
1300,818,11.0.0.860,11.0.0.456
1300,818,11.0.0.860,11.0.0.721
1300,820,11.0.0.860,11.0.0.399
1300,820,11.0.0.860,11.0.0.399
1300,821,11.0.0.860,11.0.0.618
1300,821,11.0.0.860,11.0.0.125
1300,821,11.0.0.860,11.0.0.125
1300,822,11.0.0.860,11.0.0.460
1300,823,11.0.0.860,11.0.0.187
1300,823,11.0.0.860,11.0.0.187
1300,824,11.0.0.860,11.0.0.180
1300,824,11.0.0.860,11.0.0.180
1300,825,11.0.0.860,11.0.0.395
1300,825,11.0.0.860,11.0.0.395
1300,825,11.0.0.860,11.0.0.395
1300,826,11.0.0.860,11.0.0.875
1300,826,11.0.0.860,11.0.0.875
1300,830,11.0.0.860,11.0.0.220
1300,830,11.0.0.860,11.0.0.220
1300,830,11.0.0.860,11.0.0.393
1300,830,11.0.0.860,11.0.0.220
1300,832,11.0.0.860,11.0.0.535
1300,832,11.0.0.860,11.0.0.535
1300,835,11.0.0.860,11.0.0.682
1300,835,11.0.0.860,11.0.0.682
1300,836,11.0.0.860,11.0.0.718
1300,836,11.0.0.860,11.0.0.718
1300,837,11.0.0.860,11.0.0.593
1300,837,11.0.0.860,11.0.0.486
1300,837,11.0.0.860,11.0.0.593
1300,837,11.0.0.860,11.0.0.486
1300,837,11.0.0.860,11.0.0.593
1300,839,11.0.0.860,11.0.0.682
1300,839,11.0.0.860,11.0.0.682
1300,839,11.0.0.860,11.0.0.682
1300,841,11.0.0.860,11.0.0.894
1300,841,11.0.0.860,11.0.0.894
1300,842,11.0.0.860,11.0.0.409
1300,842,11.0.0.860,11.0.0.560
1300,842,11.0.0.860,11.0.0.560
1300,844,11.0.0.860,11.0.0.14
1300,844,11.0.0.860,11.0.0.110
1300,844,11.0.0.860,11.0.0.14
1300,844,11.0.0.860,11.0.0.14
1300,846,11.0.0.860,11.0.0.377
1300,846,11.0.0.860,11.0.0.377
1300,846,11.0.0.860,11.0.0.377
1300,847,11.0.0.860,11.0.0.451
1300,847,11.0.0.860,11.0.0.451
1300,847,11.0.0.860,11.0.0.744
1300,848,11.0.0.860,11.0.0.101
1300,848,11.0.0.860,11.0.0.813
1300,848,11.0.0.860,11.0.0.101
1300,848,11.0.0.860,11.0.0.813
1300,849,11.0.0.860,11.0.0.297
1300,849,11.0.0.860,11.0.0.297
1300,851,11.0.0.860,11.0.0.382
1300,851,11.0.0.860,11.0.0.382
1300,852,11.0.0.860,11.0.0.382
1300,853,11.0.0.860,11.0.0.76
1300,853,11.0.0.860,11.0.0.76
1300,853,11.0.0.860,11.0.0.76
1300,854,11.0.0.860,11.0.0.250
1300,854,11.0.0.860,11.0.0.250
1300,854,11.0.0.860,11.0.0.250
1300,855,11.0.0.860,11.0.0.88
1300,855,11.0.0.860,11.0.0.88
1300,855,11.0.0.860,11.0.0.450
1300,855,11.0.0.860,11.0.0.450
1300,855,11.0.0.860,11.0.0.88
1300,857,11.0.0.860,11.0.0.167
1300,857,11.0.0.860,11.0.0.167
1300,857,11.0.0.860,11.0.0.167
1300,858,11.0.0.860,11.0.0.601
1300,858,11.0.0.860,11.0.0.601
1300,860,11.0.0.860,11.0.0.14
1300,860,11.0.0.860,11.0.0.393
1300,860,11.0.0.860,11.0.0.14
1300,860,11.0.0.860,11.0.0.14
1300,860,11.0.0.860,11.0.0.393
1300,862,11.0.0.860,11.0.0.523
1300,862,11.0.0.860,11.0.0.523
1300,863,11.0.0.860,11.0.0.744
1300,863,11.0.0.860,11.0.0.744
1300,863,11.0.0.860,11.0.0.744
1300,865,11.0.0.860,11.0.0.387
1300,865,11.0.0.860,11.0.0.387
1300,866,11.0.0.860,11.0.0.386
1300,866,11.0.0.860,11.0.0.523
1300,866,11.0.0.860,11.0.0.523
1300,866,11.0.0.860,11.0.0.386
1300,867,11.0.0.860,11.0.0.818
1300,867,11.0.0.860,11.0.0.818
1300,867,11.0.0.860,11.0.0.818
1300,867,11.0.0.860,11.0.0.14
1300,867,11.0.0.860,11.0.0.14
1300,868,11.0.0.860,11.0.0.23
1300,868,11.0.0.860,11.0.0.456
1300,868,11.0.0.860,11.0.0.456
1300,868,11.0.0.860,11.0.0.23
1300,869,11.0.0.860,11.0.0.525
1300,869,11.0.0.860,11.0.0.525
1300,871,11.0.0.860,11.0.0.601
1300,871,11.0.0.860,11.0.0.601
1300,871,11.0.0.860,11.0.0.633
1300,871,11.0.0.860,11.0.0.633
1300,872,11.0.0.860,11.0.0.485
1300,872,11.0.0.860,11.0.0.485
1300,872,11.0.0.860,11.0.0.682
1300,872,11.0.0.860,11.0.0.682
1300,872,11.0.0.860,11.0.0.682
1300,873,11.0.0.860,11.0.0.701
1300,873,11.0.0.860,11.0.0.501
1300,873,11.0.0.860,11.0.0.701
1300,873,11.0.0.860,11.0.0.501
1300,875,11.0.0.860,11.0.0.688
1300,875,11.0.0.860,11.0.0.688
1300,875,11.0.0.860,11.0.0.688
1300,876,11.0.0.860,11.0.0.485
1300,876,11.0.0.860,11.0.0.485
1300,877,11.0.0.860,11.0.0.701
1300,877,11.0.0.860,11.0.0.161
1300,877,11.0.0.860,11.0.0.701
1300,877,11.0.0.860,11.0.0.161
1300,877,11.0.0.860,11.0.0.161
1300,878,11.0.0.860,11.0.0.721
1300,878,11.0.0.860,11.0.0.721
1300,878,11.0.0.860,11.0.0.754
1300,878,11.0.0.860,11.0.0.721
1300,880,11.0.0.860,11.0.0.456
1300,880,11.0.0.860,11.0.0.456
1300,882,11.0.0.860,11.0.0.92
1300,883,11.0.0.860,11.0.0.539
1300,883,11.0.0.860,11.0.0.539
1300,885,11.0.0.860,11.0.0.224
1300,885,11.0.0.860,11.0.0.599
1300,885,11.0.0.860,11.0.0.599
1300,885,11.0.0.860,11.0.0.224
1300,886,11.0.0.860,11.0.0.736
1300,886,11.0.0.860,11.0.0.736
1300,886,11.0.0.860,11.0.0.736
1300,887,11.0.0.860,11.0.0.721
1300,887,11.0.0.860,11.0.0.721
1300,887,11.0.0.860,11.0.0.721
1300,889,11.0.0.860,11.0.0.166
1300,889,11.0.0.860,11.0.0.593
1300,889,11.0.0.860,11.0.0.166
1300,889,11.0.0.860,11.0.0.166
1300,890,11.0.0.860,11.0.0.430
1300,890,11.0.0.860,11.0.0.430
1300,892,11.0.0.860,11.0.0.438
1300,892,11.0.0.860,11.0.0.438
1300,893,11.0.0.860,11.0.0.264
1300,893,11.0.0.860,11.0.0.264
1300,893,11.0.0.860,11.0.0.264
1300,897,11.0.0.860,11.0.0.187
1300,897,11.0.0.860,11.0.0.493
1300,897,11.0.0.860,11.0.0.187
1300,898,11.0.0.860,11.0.0.139
1300,898,11.0.0.860,11.0.0.139
1300,898,11.0.0.860,11.0.0.139
1300,899,11.0.0.860,11.0.0.409
1300,900,11.0.0.860,11.0.0.720
1300,900,11.0.0.860,11.0.0.720
1300,901,11.0.0.860,11.0.0.900
1300,901,11.0.0.860,11.0.0.900
1300,903,11.0.0.860,11.0.0.688
1300,903,11.0.0.860,11.0.0.460
1300,903,11.0.0.860,11.0.0.460
1300,904,11.0.0.860,11.0.0.799
1300,904,11.0.0.860,11.0.0.799
1300,904,11.0.0.860,11.0.0.799
1300,904,11.0.0.860,11.0.0.474
1300,905,11.0.0.860,11.0.0.593
1300,907,11.0.0.860,11.0.0.781
1300,908,11.0.0.860,11.0.0.169
1300,908,11.0.0.860,11.0.0.169
1300,909,11.0.0.860,11.0.0.721
1300,909,11.0.0.860,11.0.0.23
1300,909,11.0.0.860,11.0.0.721
1300,909,11.0.0.860,11.0.0.23
1300,911,11.0.0.860,11.0.0.535
1300,911,11.0.0.860,11.0.0.668
1300,911,11.0.0.860,11.0.0.668
1300,912,11.0.0.860,11.0.0.322
1300,912,11.0.0.860,11.0.0.285
1300,912,11.0.0.860,11.0.0.322
1300,912,11.0.0.860,11.0.0.285
1300,913,11.0.0.860,11.0.0.145
1300,913,11.0.0.860,11.0.0.145
1300,913,11.0.0.860,11.0.0.145
1300,915,11.0.0.860,11.0.0.76
1300,915,11.0.0.860,11.0.0.433
1300,915,11.0.0.860,11.0.0.76
1300,915,11.0.0.860,11.0.0.433
1300,915,11.0.0.860,11.0.0.76
1300,916,11.0.0.860,11.0.0.322
1300,916,11.0.0.860,11.0.0.322
1300,916,11.0.0.860,11.0.0.322
1300,916,11.0.0.860,11.0.0.875
1300,918,11.0.0.860,11.0.0.220
1300,918,11.0.0.860,11.0.0.220
1300,918,11.0.0.860,11.0.0.220
1300,921,11.0.0.860,11.0.0.900
1300,921,11.0.0.860,11.0.0.900
1300,923,11.0.0.860,11.0.0.470
1300,923,11.0.0.860,11.0.0.456
1300,923,11.0.0.860,11.0.0.470
1300,923,11.0.0.860,11.0.0.470
1300,925,11.0.0.860,11.0.0.736
1300,925,11.0.0.860,11.0.0.749
1300,925,11.0.0.860,11.0.0.736
1300,925,11.0.0.860,11.0.0.749
1300,925,11.0.0.860,11.0.0.736
1300,926,11.0.0.860,11.0.0.470
1300,926,11.0.0.860,11.0.0.285
1300,926,11.0.0.860,11.0.0.470
1300,926,11.0.0.860,11.0.0.285
1300,928,11.0.0.860,11.0.0.382
1300,928,11.0.0.860,11.0.0.382
1300,928,11.0.0.860,11.0.0.846
1300,928,11.0.0.860,11.0.0.382
1300,929,11.0.0.860,11.0.0.720
1300,929,11.0.0.860,11.0.0.17
1300,929,11.0.0.860,11.0.0.720
1300,929,11.0.0.860,11.0.0.720
1300,929,11.0.0.860,11.0.0.17
1300,930,11.0.0.860,11.0.0.393
1300,930,11.0.0.860,11.0.0.393
1300,930,11.0.0.860,11.0.0.625
1300,930,11.0.0.860,11.0.0.625
1300,930,11.0.0.860,11.0.0.625
1300,931,11.0.0.860,11.0.0.475
1300,931,11.0.0.860,11.0.0.539
1300,931,11.0.0.860,11.0.0.475
1300,932,11.0.0.860,11.0.0.333
1300,932,11.0.0.860,11.0.0.406
1300,932,11.0.0.860,11.0.0.333
1300,932,11.0.0.860,11.0.0.406
1300,933,11.0.0.860,11.0.0.378
1300,933,11.0.0.860,11.0.0.378
1300,934,11.0.0.860,11.0.0.756
1300,934,11.0.0.860,11.0.0.756
1300,934,11.0.0.860,11.0.0.756
1300,935,11.0.0.860,11.0.0.523
1300,935,11.0.0.860,11.0.0.523
1300,935,11.0.0.860,11.0.0.523
1300,936,11.0.0.860,11.0.0.101
1300,936,11.0.0.860,11.0.0.846
1300,936,11.0.0.860,11.0.0.846
1300,936,11.0.0.860,11.0.0.101
1300,937,11.0.0.860,11.0.0.475
1300,937,11.0.0.860,11.0.0.475
1300,937,11.0.0.860,11.0.0.475
1300,938,11.0.0.860,11.0.0.393
1300,938,11.0.0.860,11.0.0.720
1300,938,11.0.0.860,11.0.0.393
1300,939,11.0.0.860,11.0.0.781
1300,939,11.0.0.860,11.0.0.781
1300,942,11.0.0.860,11.0.0.101
1300,942,11.0.0.860,11.0.0.101
1300,942,11.0.0.860,11.0.0.187
1300,943,11.0.0.860,11.0.0.588
1300,943,11.0.0.860,11.0.0.167
1300,943,11.0.0.860,11.0.0.167
1300,944,11.0.0.860,11.0.0.633
1300,944,11.0.0.860,11.0.0.593
1300,944,11.0.0.860,11.0.0.633
1300,944,11.0.0.860,11.0.0.593
1300,945,11.0.0.860,11.0.0.701
1300,945,11.0.0.860,11.0.0.701
1300,945,11.0.0.860,11.0.0.409
1300,945,11.0.0.860,11.0.0.409
1300,948,11.0.0.860,11.0.0.95
1300,948,11.0.0.860,11.0.0.95
1300,949,11.0.0.860,11.0.0.285
1300,949,11.0.0.860,11.0.0.285
1300,949,11.0.0.860,11.0.0.285
1300,951,11.0.0.860,11.0.0.395
1300,951,11.0.0.860,11.0.0.410
1300,951,11.0.0.860,11.0.0.395
1300,951,11.0.0.860,11.0.0.410
1300,951,11.0.0.860,11.0.0.395
1300,955,11.0.0.860,11.0.0.246
1300,955,11.0.0.860,11.0.0.393
1300,955,11.0.0.860,11.0.0.246
1300,955,11.0.0.860,11.0.0.393
1300,955,11.0.0.860,11.0.0.246
1300,956,11.0.0.860,11.0.0.409
1300,957,11.0.0.860,11.0.0.387
1300,957,11.0.0.860,11.0.0.387
1300,957,11.0.0.860,11.0.0.892
1300,957,11.0.0.860,11.0.0.387
1300,957,11.0.0.860,11.0.0.892
1300,959,11.0.0.860,11.0.0.736
1300,959,11.0.0.860,11.0.0.410
1300,959,11.0.0.860,11.0.0.736
1300,959,11.0.0.860,11.0.0.410
1300,960,11.0.0.860,11.0.0.701
1300,960,11.0.0.860,11.0.0.701
1300,961,11.0.0.860,11.0.0.781
1300,961,11.0.0.860,11.0.0.306
1300,961,11.0.0.860,11.0.0.306
1300,962,11.0.0.860,11.0.0.246
1300,962,11.0.0.860,11.0.0.756
1300,962,11.0.0.860,11.0.0.246
1300,962,11.0.0.860,11.0.0.756
1300,962,11.0.0.860,11.0.0.756
1300,962,11.0.0.860,11.0.0.246
1300,963,11.0.0.860,11.0.0.319
1300,963,11.0.0.860,11.0.0.319
1300,963,11.0.0.860,11.0.0.319
1300,964,11.0.0.860,11.0.0.220
1300,964,11.0.0.860,11.0.0.220
1300,964,11.0.0.860,11.0.0.220
1300,967,11.0.0.860,11.0.0.813
1300,967,11.0.0.860,11.0.0.813
1300,969,11.0.0.860,11.0.0.756
1300,969,11.0.0.860,11.0.0.756
1300,969,11.0.0.860,11.0.0.625
1300,969,11.0.0.860,11.0.0.625
1300,969,11.0.0.860,11.0.0.625
1300,969,11.0.0.860,11.0.0.756
1300,970,11.0.0.860,11.0.0.14
1300,970,11.0.0.860,11.0.0.14
1300,971,11.0.0.860,11.0.0.167
1300,971,11.0.0.860,11.0.0.167
1300,971,11.0.0.860,11.0.0.167
1300,976,11.0.0.860,11.0.0.393
1300,976,11.0.0.860,11.0.0.393
1300,976,11.0.0.860,11.0.0.393
1300,977,11.0.0.860,11.0.0.468
1300,977,11.0.0.860,11.0.0.468
1300,977,11.0.0.860,11.0.0.468
1300,978,11.0.0.860,11.0.0.688
1300,978,11.0.0.860,11.0.0.224
1300,978,11.0.0.860,11.0.0.688
1300,978,11.0.0.860,11.0.0.224
1300,978,11.0.0.860,11.0.0.688
1300,980,11.0.0.860,11.0.0.633
1300,980,11.0.0.860,11.0.0.633
1300,980,11.0.0.860,11.0.0.720
1300,980,11.0.0.860,11.0.0.720
1300,980,11.0.0.860,11.0.0.720
1300,980,11.0.0.860,11.0.0.633
1300,981,11.0.0.860,11.0.0.166
1300,981,11.0.0.860,11.0.0.166
1300,981,11.0.0.860,11.0.0.166
1300,983,11.0.0.860,11.0.0.633
1300,983,11.0.0.860,11.0.0.393
1300,983,11.0.0.860,11.0.0.633
1300,983,11.0.0.860,11.0.0.633
1300,985,11.0.0.860,11.0.0.744
1300,985,11.0.0.860,11.0.0.744
1300,985,11.0.0.860,11.0.0.744
1300,986,11.0.0.860,11.0.0.875
1300,986,11.0.0.860,11.0.0.875
1300,986,11.0.0.860,11.0.0.875
1300,987,11.0.0.860,11.0.0.560
1300,987,11.0.0.860,11.0.0.560
1300,988,11.0.0.860,11.0.0.224
1300,988,11.0.0.860,11.0.0.588
1300,988,11.0.0.860,11.0.0.588
1300,988,11.0.0.860,11.0.0.224
1300,989,11.0.0.860,11.0.0.525
1300,990,11.0.0.860,11.0.0.166
1300,990,11.0.0.860,11.0.0.166
1300,990,11.0.0.860,11.0.0.166
1300,991,11.0.0.860,11.0.0.756
1300,991,11.0.0.860,11.0.0.756
1300,991,11.0.0.860,11.0.0.756
1300,991,11.0.0.860,11.0.0.53
1300,991,11.0.0.860,11.0.0.53
1300,992,11.0.0.860,11.0.0.387
1300,993,11.0.0.860,11.0.0.377
1300,993,11.0.0.860,11.0.0.842
1300,993,11.0.0.860,11.0.0.842
1300,993,11.0.0.860,11.0.0.377
1300,994,11.0.0.860,11.0.0.701
1300,994,11.0.0.860,11.0.0.701
1300,996,11.0.0.860,11.0.0.470
1300,996,11.0.0.860,11.0.0.485
1300,996,11.0.0.860,11.0.0.470
1300,997,11.0.0.860,11.0.0.297
1300,998,11.0.0.860,11.0.0.618
1300,998,11.0.0.860,11.0.0.618
1300,998,11.0.0.860,11.0.0.486
1300,998,11.0.0.860,11.0.0.486
