1300,1,11.0.0.164,11.0.0.660
1300,1,11.0.0.164,11.0.0.660
1300,1,11.0.0.164,11.0.0.660
1300,2,11.0.0.164,11.0.0.837
1300,2,11.0.0.164,11.0.0.837
1300,2,11.0.0.164,11.0.0.837
1300,3,11.0.0.164,11.0.0.648
1300,3,11.0.0.164,11.0.0.648
1300,3,11.0.0.164,11.0.0.347
1300,5,11.0.0.164,11.0.0.26
1300,5,11.0.0.164,11.0.0.349
1300,5,11.0.0.164,11.0.0.26
1300,5,11.0.0.164,11.0.0.349
1300,5,11.0.0.164,11.0.0.349
1300,6,11.0.0.164,11.0.0.97
1300,6,11.0.0.164,11.0.0.507
1300,6,11.0.0.164,11.0.0.97
1300,7,11.0.0.164,11.0.0.602
1300,7,11.0.0.164,11.0.0.602
1300,8,11.0.0.164,11.0.0.423
1300,8,11.0.0.164,11.0.0.423
1300,8,11.0.0.164,11.0.0.423
1300,10,11.0.0.164,11.0.0.50
1300,10,11.0.0.164,11.0.0.802
1300,10,11.0.0.164,11.0.0.802
1300,10,11.0.0.164,11.0.0.50
1300,10,11.0.0.164,11.0.0.802
1300,11,11.0.0.164,11.0.0.465
1300,11,11.0.0.164,11.0.0.400
1300,11,11.0.0.164,11.0.0.465
1300,11,11.0.0.164,11.0.0.465
1300,12,11.0.0.164,11.0.0.442
1300,12,11.0.0.164,11.0.0.442
1300,15,11.0.0.164,11.0.0.678
1300,15,11.0.0.164,11.0.0.678
1300,15,11.0.0.164,11.0.0.678
1300,16,11.0.0.164,11.0.0.678
1300,16,11.0.0.164,11.0.0.678
1300,17,11.0.0.164,11.0.0.201
1300,17,11.0.0.164,11.0.0.201
1300,17,11.0.0.164,11.0.0.311
1300,17,11.0.0.164,11.0.0.311
1300,17,11.0.0.164,11.0.0.311
1300,17,11.0.0.164,11.0.0.201
1300,18,11.0.0.164,11.0.0.267
1300,18,11.0.0.164,11.0.0.267
1300,19,11.0.0.164,11.0.0.683
1300,19,11.0.0.164,11.0.0.407
1300,19,11.0.0.164,11.0.0.683
1300,20,11.0.0.164,11.0.0.843
1300,20,11.0.0.164,11.0.0.843
1300,20,11.0.0.164,11.0.0.843
1300,22,11.0.0.164,11.0.0.837
1300,22,11.0.0.164,11.0.0.602
1300,22,11.0.0.164,11.0.0.602
1300,22,11.0.0.164,11.0.0.837
1300,22,11.0.0.164,11.0.0.837
1300,22,11.0.0.164,11.0.0.602
1300,23,11.0.0.164,11.0.0.708
1300,23,11.0.0.164,11.0.0.26
1300,23,11.0.0.164,11.0.0.26
1300,23,11.0.0.164,11.0.0.26
1300,24,11.0.0.164,11.0.0.719
1300,24,11.0.0.164,11.0.0.602
1300,24,11.0.0.164,11.0.0.719
1300,24,11.0.0.164,11.0.0.719
1300,25,11.0.0.164,11.0.0.842
1300,25,11.0.0.164,11.0.0.842
1300,25,11.0.0.164,11.0.0.842
1300,28,11.0.0.164,11.0.0.437
1300,28,11.0.0.164,11.0.0.437
1300,29,11.0.0.164,11.0.0.11
1300,29,11.0.0.164,11.0.0.413
1300,29,11.0.0.164,11.0.0.11
1300,29,11.0.0.164,11.0.0.413
1300,31,11.0.0.164,11.0.0.21
1300,31,11.0.0.164,11.0.0.21
1300,31,11.0.0.164,11.0.0.21
1300,33,11.0.0.164,11.0.0.613
1300,33,11.0.0.164,11.0.0.613
1300,33,11.0.0.164,11.0.0.613
1300,34,11.0.0.164,11.0.0.602
1300,34,11.0.0.164,11.0.0.602
1300,35,11.0.0.164,11.0.0.263
1300,35,11.0.0.164,11.0.0.263
1300,37,11.0.0.164,11.0.0.708
1300,38,11.0.0.164,11.0.0.593
1300,38,11.0.0.164,11.0.0.593
1300,38,11.0.0.164,11.0.0.593
1300,39,11.0.0.164,11.0.0.176
1300,40,11.0.0.164,11.0.0.92
1300,40,11.0.0.164,11.0.0.255
1300,40,11.0.0.164,11.0.0.255
1300,40,11.0.0.164,11.0.0.92
1300,40,11.0.0.164,11.0.0.92
1300,40,11.0.0.164,11.0.0.255
1300,41,11.0.0.164,11.0.0.791
1300,41,11.0.0.164,11.0.0.791
1300,43,11.0.0.164,11.0.0.478
1300,43,11.0.0.164,11.0.0.478
1300,43,11.0.0.164,11.0.0.478
1300,44,11.0.0.164,11.0.0.719
1300,45,11.0.0.164,11.0.0.347
1300,46,11.0.0.164,11.0.0.816
1300,46,11.0.0.164,11.0.0.423
1300,46,11.0.0.164,11.0.0.816
1300,46,11.0.0.164,11.0.0.816
1300,47,11.0.0.164,11.0.0.672
1300,47,11.0.0.164,11.0.0.145
1300,47,11.0.0.164,11.0.0.145
1300,47,11.0.0.164,11.0.0.145
1300,48,11.0.0.164,11.0.0.268
1300,48,11.0.0.164,11.0.0.268
1300,49,11.0.0.164,11.0.0.788
1300,49,11.0.0.164,11.0.0.788
1300,49,11.0.0.164,11.0.0.719
1300,51,11.0.0.164,11.0.0.773
1300,51,11.0.0.164,11.0.0.773
1300,51,11.0.0.164,11.0.0.773
1300,51,11.0.0.164,11.0.0.664
1300,51,11.0.0.164,11.0.0.664
1300,53,11.0.0.164,11.0.0.385
1300,53,11.0.0.164,11.0.0.341
1300,53,11.0.0.164,11.0.0.341
1300,53,11.0.0.164,11.0.0.385
1300,53,11.0.0.164,11.0.0.385
1300,54,11.0.0.164,11.0.0.489
1300,54,11.0.0.164,11.0.0.507
1300,54,11.0.0.164,11.0.0.489
1300,54,11.0.0.164,11.0.0.489
1300,54,11.0.0.164,11.0.0.507
1300,56,11.0.0.164,11.0.0.739
1300,56,11.0.0.164,11.0.0.739
1300,56,11.0.0.164,11.0.0.285
1300,56,11.0.0.164,11.0.0.285
1300,57,11.0.0.164,11.0.0.708
1300,57,11.0.0.164,11.0.0.719
1300,57,11.0.0.164,11.0.0.719
1300,57,11.0.0.164,11.0.0.708
1300,59,11.0.0.164,11.0.0.268
1300,59,11.0.0.164,11.0.0.176
1300,59,11.0.0.164,11.0.0.268
1300,59,11.0.0.164,11.0.0.176
1300,59,11.0.0.164,11.0.0.176
1300,60,11.0.0.164,11.0.0.683
1300,60,11.0.0.164,11.0.0.683
1300,60,11.0.0.164,11.0.0.683
1300,62,11.0.0.164,11.0.0.831
1300,62,11.0.0.164,11.0.0.831
1300,62,11.0.0.164,11.0.0.831
1300,63,11.0.0.164,11.0.0.842
1300,63,11.0.0.164,11.0.0.47
1300,63,11.0.0.164,11.0.0.842
1300,63,11.0.0.164,11.0.0.842
1300,63,11.0.0.164,11.0.0.47
1300,63,11.0.0.164,11.0.0.47
1300,64,11.0.0.164,11.0.0.816
1300,64,11.0.0.164,11.0.0.816
1300,65,11.0.0.164,11.0.0.773
1300,65,11.0.0.164,11.0.0.773
1300,65,11.0.0.164,11.0.0.773
1300,65,11.0.0.164,11.0.0.746
1300,66,11.0.0.164,11.0.0.767
1300,67,11.0.0.164,11.0.0.481
1300,67,11.0.0.164,11.0.0.481
1300,69,11.0.0.164,11.0.0.11
1300,70,11.0.0.164,11.0.0.664
1300,70,11.0.0.164,11.0.0.664
1300,70,11.0.0.164,11.0.0.664
1300,70,11.0.0.164,11.0.0.234
1300,76,11.0.0.164,11.0.0.267
1300,76,11.0.0.164,11.0.0.616
1300,76,11.0.0.164,11.0.0.267
1300,77,11.0.0.164,11.0.0.97
1300,77,11.0.0.164,11.0.0.470
1300,77,11.0.0.164,11.0.0.470
1300,77,11.0.0.164,11.0.0.470
1300,77,11.0.0.164,11.0.0.97
1300,77,11.0.0.164,11.0.0.97
1300,79,11.0.0.164,11.0.0.400
1300,79,11.0.0.164,11.0.0.400
1300,79,11.0.0.164,11.0.0.400
1300,80,11.0.0.164,11.0.0.21
1300,80,11.0.0.164,11.0.0.21
1300,80,11.0.0.164,11.0.0.21
1300,84,11.0.0.164,11.0.0.626
1300,84,11.0.0.164,11.0.0.626
1300,84,11.0.0.164,11.0.0.687
1300,84,11.0.0.164,11.0.0.687
1300,91,11.0.0.164,11.0.0.535
1300,91,11.0.0.164,11.0.0.535
1300,92,11.0.0.164,11.0.0.17
1300,92,11.0.0.164,11.0.0.17
1300,92,11.0.0.164,11.0.0.704
1300,92,11.0.0.164,11.0.0.704
1300,94,11.0.0.164,11.0.0.343
1300,94,11.0.0.164,11.0.0.343
1300,97,11.0.0.164,11.0.0.507
1300,97,11.0.0.164,11.0.0.507
1300,97,11.0.0.164,11.0.0.648
1300,97,11.0.0.164,11.0.0.648
1300,97,11.0.0.164,11.0.0.648
1300,98,11.0.0.164,11.0.0.807
1300,98,11.0.0.164,11.0.0.773
1300,98,11.0.0.164,11.0.0.807
1300,98,11.0.0.164,11.0.0.773
1300,98,11.0.0.164,11.0.0.773
1300,99,11.0.0.164,11.0.0.343
1300,99,11.0.0.164,11.0.0.489
1300,99,11.0.0.164,11.0.0.489
1300,99,11.0.0.164,11.0.0.343
1300,99,11.0.0.164,11.0.0.489
1300,101,11.0.0.164,11.0.0.814
1300,101,11.0.0.164,11.0.0.814
1300,101,11.0.0.164,11.0.0.501
1300,102,11.0.0.164,11.0.0.413
1300,106,11.0.0.164,11.0.0.791
1300,106,11.0.0.164,11.0.0.791
1300,106,11.0.0.164,11.0.0.791
1300,109,11.0.0.164,11.0.0.834
1300,109,11.0.0.164,11.0.0.837
1300,109,11.0.0.164,11.0.0.837
1300,110,11.0.0.164,11.0.0.400
1300,110,11.0.0.164,11.0.0.400
1300,111,11.0.0.164,11.0.0.357
1300,111,11.0.0.164,11.0.0.357
1300,111,11.0.0.164,11.0.0.683
1300,111,11.0.0.164,11.0.0.357
1300,111,11.0.0.164,11.0.0.683
1300,112,11.0.0.164,11.0.0.263
1300,113,11.0.0.164,11.0.0.687
1300,113,11.0.0.164,11.0.0.716
1300,113,11.0.0.164,11.0.0.716
1300,113,11.0.0.164,11.0.0.687
1300,113,11.0.0.164,11.0.0.687
1300,114,11.0.0.164,11.0.0.664
1300,114,11.0.0.164,11.0.0.664
1300,114,11.0.0.164,11.0.0.664
1300,115,11.0.0.164,11.0.0.742
1300,115,11.0.0.164,11.0.0.201
1300,115,11.0.0.164,11.0.0.742
1300,115,11.0.0.164,11.0.0.742
1300,115,11.0.0.164,11.0.0.201
1300,116,11.0.0.164,11.0.0.268
1300,116,11.0.0.164,11.0.0.357
1300,116,11.0.0.164,11.0.0.357
1300,116,11.0.0.164,11.0.0.357
1300,117,11.0.0.164,11.0.0.442
1300,117,11.0.0.164,11.0.0.842
1300,117,11.0.0.164,11.0.0.442
1300,118,11.0.0.164,11.0.0.11
1300,118,11.0.0.164,11.0.0.11
1300,118,11.0.0.164,11.0.0.11
1300,118,11.0.0.164,11.0.0.774
1300,118,11.0.0.164,11.0.0.774
1300,118,11.0.0.164,11.0.0.774
1300,119,11.0.0.164,11.0.0.593
1300,119,11.0.0.164,11.0.0.593
1300,119,11.0.0.164,11.0.0.465
1300,119,11.0.0.164,11.0.0.465
1300,119,11.0.0.164,11.0.0.593
1300,120,11.0.0.164,11.0.0.437
1300,120,11.0.0.164,11.0.0.437
1300,120,11.0.0.164,11.0.0.79
1300,120,11.0.0.164,11.0.0.79
1300,121,11.0.0.164,11.0.0.465
1300,121,11.0.0.164,11.0.0.465
1300,121,11.0.0.164,11.0.0.285
1300,121,11.0.0.164,11.0.0.465
1300,122,11.0.0.164,11.0.0.624
1300,122,11.0.0.164,11.0.0.624
1300,122,11.0.0.164,11.0.0.624
1300,123,11.0.0.164,11.0.0.842
1300,123,11.0.0.164,11.0.0.719
1300,123,11.0.0.164,11.0.0.719
1300,123,11.0.0.164,11.0.0.842
1300,123,11.0.0.164,11.0.0.719
1300,124,11.0.0.164,11.0.0.501
1300,124,11.0.0.164,11.0.0.24
1300,124,11.0.0.164,11.0.0.24
1300,125,11.0.0.164,11.0.0.829
1300,125,11.0.0.164,11.0.0.829
1300,125,11.0.0.164,11.0.0.829
1300,125,11.0.0.164,11.0.0.242
1300,127,11.0.0.164,11.0.0.341
1300,127,11.0.0.164,11.0.0.341
1300,127,11.0.0.164,11.0.0.341
1300,129,11.0.0.164,11.0.0.201
1300,130,11.0.0.164,11.0.0.788
1300,130,11.0.0.164,11.0.0.788
1300,132,11.0.0.164,11.0.0.616
1300,132,11.0.0.164,11.0.0.616
1300,133,11.0.0.164,11.0.0.536
1300,133,11.0.0.164,11.0.0.648
1300,133,11.0.0.164,11.0.0.536
1300,133,11.0.0.164,11.0.0.648
1300,135,11.0.0.164,11.0.0.489
1300,135,11.0.0.164,11.0.0.489
1300,135,11.0.0.164,11.0.0.788
1300,135,11.0.0.164,11.0.0.788
1300,135,11.0.0.164,11.0.0.788
1300,139,11.0.0.164,11.0.0.349
1300,139,11.0.0.164,11.0.0.385
1300,139,11.0.0.164,11.0.0.385
1300,140,11.0.0.164,11.0.0.510
1300,140,11.0.0.164,11.0.0.510
1300,142,11.0.0.164,11.0.0.716
1300,142,11.0.0.164,11.0.0.402
1300,143,11.0.0.164,11.0.0.11
1300,143,11.0.0.164,11.0.0.349
1300,143,11.0.0.164,11.0.0.349
1300,143,11.0.0.164,11.0.0.349
1300,144,11.0.0.164,11.0.0.837
1300,144,11.0.0.164,11.0.0.837
1300,144,11.0.0.164,11.0.0.837
1300,145,11.0.0.164,11.0.0.664
1300,145,11.0.0.164,11.0.0.791
1300,145,11.0.0.164,11.0.0.791
1300,145,11.0.0.164,11.0.0.791
1300,145,11.0.0.164,11.0.0.664
1300,145,11.0.0.164,11.0.0.664
1300,147,11.0.0.164,11.0.0.706
1300,147,11.0.0.164,11.0.0.706
1300,147,11.0.0.164,11.0.0.706
1300,150,11.0.0.164,11.0.0.263
1300,150,11.0.0.164,11.0.0.263
1300,151,11.0.0.164,11.0.0.347
1300,151,11.0.0.164,11.0.0.347
1300,153,11.0.0.164,11.0.0.267
1300,153,11.0.0.164,11.0.0.470
1300,153,11.0.0.164,11.0.0.267
1300,154,11.0.0.164,11.0.0.660
1300,154,11.0.0.164,11.0.0.660
1300,155,11.0.0.164,11.0.0.263
1300,155,11.0.0.164,11.0.0.263
1300,155,11.0.0.164,11.0.0.263
1300,156,11.0.0.164,11.0.0.478
1300,156,11.0.0.164,11.0.0.478
1300,156,11.0.0.164,11.0.0.478
1300,156,11.0.0.164,11.0.0.489
1300,157,11.0.0.164,11.0.0.171
1300,157,11.0.0.164,11.0.0.626
1300,157,11.0.0.164,11.0.0.171
1300,158,11.0.0.164,11.0.0.779
1300,158,11.0.0.164,11.0.0.779
1300,159,11.0.0.164,11.0.0.593
1300,159,11.0.0.164,11.0.0.593
1300,161,11.0.0.164,11.0.0.489
1300,164,11.0.0.164,11.0.0.478
1300,164,11.0.0.164,11.0.0.478
1300,164,11.0.0.164,11.0.0.171
1300,164,11.0.0.164,11.0.0.478
1300,164,11.0.0.164,11.0.0.171
1300,165,11.0.0.164,11.0.0.535
1300,165,11.0.0.164,11.0.0.791
1300,165,11.0.0.164,11.0.0.535
1300,166,11.0.0.164,11.0.0.739
1300,166,11.0.0.164,11.0.0.29
1300,166,11.0.0.164,11.0.0.29
1300,166,11.0.0.164,11.0.0.29
1300,166,11.0.0.164,11.0.0.739
1300,168,11.0.0.164,11.0.0.648
1300,168,11.0.0.164,11.0.0.788
1300,168,11.0.0.164,11.0.0.788
1300,168,11.0.0.164,11.0.0.788
1300,168,11.0.0.164,11.0.0.648
1300,168,11.0.0.164,11.0.0.648
1300,169,11.0.0.164,11.0.0.478
1300,169,11.0.0.164,11.0.0.834
1300,169,11.0.0.164,11.0.0.834
1300,170,11.0.0.164,11.0.0.145
1300,170,11.0.0.164,11.0.0.145
1300,170,11.0.0.164,11.0.0.413
1300,170,11.0.0.164,11.0.0.413
1300,170,11.0.0.164,11.0.0.145
1300,171,11.0.0.164,11.0.0.11
1300,171,11.0.0.164,11.0.0.747
1300,171,11.0.0.164,11.0.0.11
1300,171,11.0.0.164,11.0.0.747
1300,172,11.0.0.164,11.0.0.788
1300,172,11.0.0.164,11.0.0.357
1300,172,11.0.0.164,11.0.0.788
1300,172,11.0.0.164,11.0.0.788
1300,172,11.0.0.164,11.0.0.357
1300,174,11.0.0.164,11.0.0.155
1300,174,11.0.0.164,11.0.0.155
1300,174,11.0.0.164,11.0.0.616
1300,174,11.0.0.164,11.0.0.155
1300,174,11.0.0.164,11.0.0.616
1300,176,11.0.0.164,11.0.0.774
1300,176,11.0.0.164,11.0.0.774
1300,177,11.0.0.164,11.0.0.47
1300,177,11.0.0.164,11.0.0.50
1300,180,11.0.0.164,11.0.0.772
1300,180,11.0.0.164,11.0.0.465
1300,181,11.0.0.164,11.0.0.624
1300,181,11.0.0.164,11.0.0.624
1300,182,11.0.0.164,11.0.0.536
1300,182,11.0.0.164,11.0.0.536
1300,184,11.0.0.164,11.0.0.155
1300,184,11.0.0.164,11.0.0.155
1300,184,11.0.0.164,11.0.0.687
1300,189,11.0.0.164,11.0.0.716
1300,189,11.0.0.164,11.0.0.716
1300,189,11.0.0.164,11.0.0.716
1300,190,11.0.0.164,11.0.0.171
1300,190,11.0.0.164,11.0.0.171
1300,191,11.0.0.164,11.0.0.109
1300,191,11.0.0.164,11.0.0.234
1300,191,11.0.0.164,11.0.0.109
1300,191,11.0.0.164,11.0.0.234
1300,191,11.0.0.164,11.0.0.234
1300,192,11.0.0.164,11.0.0.400
1300,192,11.0.0.164,11.0.0.842
1300,192,11.0.0.164,11.0.0.842
1300,192,11.0.0.164,11.0.0.842
1300,192,11.0.0.164,11.0.0.400
1300,193,11.0.0.164,11.0.0.616
1300,193,11.0.0.164,11.0.0.616
1300,195,11.0.0.164,11.0.0.263
1300,195,11.0.0.164,11.0.0.263
1300,195,11.0.0.164,11.0.0.201
1300,195,11.0.0.164,11.0.0.263
1300,196,11.0.0.164,11.0.0.536
1300,196,11.0.0.164,11.0.0.536
1300,196,11.0.0.164,11.0.0.489
1300,197,11.0.0.164,11.0.0.489
1300,197,11.0.0.164,11.0.0.201
1300,197,11.0.0.164,11.0.0.489
1300,197,11.0.0.164,11.0.0.201
1300,197,11.0.0.164,11.0.0.489
1300,197,11.0.0.164,11.0.0.201
1300,199,11.0.0.164,11.0.0.226
1300,199,11.0.0.164,11.0.0.267
1300,199,11.0.0.164,11.0.0.226
1300,200,11.0.0.164,11.0.0.248
1300,200,11.0.0.164,11.0.0.248
1300,200,11.0.0.164,11.0.0.704
1300,200,11.0.0.164,11.0.0.704
1300,201,11.0.0.164,11.0.0.716
1300,201,11.0.0.164,11.0.0.718
1300,201,11.0.0.164,11.0.0.718
1300,201,11.0.0.164,11.0.0.716
1300,203,11.0.0.164,11.0.0.79
1300,203,11.0.0.164,11.0.0.79
1300,204,11.0.0.164,11.0.0.463
1300,204,11.0.0.164,11.0.0.268
1300,204,11.0.0.164,11.0.0.463
1300,204,11.0.0.164,11.0.0.268
1300,205,11.0.0.164,11.0.0.465
1300,206,11.0.0.164,11.0.0.802
1300,206,11.0.0.164,11.0.0.802
1300,208,11.0.0.164,11.0.0.834
1300,208,11.0.0.164,11.0.0.779
1300,208,11.0.0.164,11.0.0.779
1300,208,11.0.0.164,11.0.0.779
1300,208,11.0.0.164,11.0.0.834
1300,209,11.0.0.164,11.0.0.672
1300,209,11.0.0.164,11.0.0.773
1300,210,11.0.0.164,11.0.0.842
1300,211,11.0.0.164,11.0.0.716
1300,211,11.0.0.164,11.0.0.248
1300,211,11.0.0.164,11.0.0.716
1300,211,11.0.0.164,11.0.0.248
1300,211,11.0.0.164,11.0.0.248
1300,211,11.0.0.164,11.0.0.716
1300,212,11.0.0.164,11.0.0.791
1300,212,11.0.0.164,11.0.0.843
1300,212,11.0.0.164,11.0.0.843
1300,212,11.0.0.164,11.0.0.843
1300,212,11.0.0.164,11.0.0.791
1300,212,11.0.0.164,11.0.0.791
1300,213,11.0.0.164,11.0.0.807
1300,213,11.0.0.164,11.0.0.807
1300,213,11.0.0.164,11.0.0.807
1300,214,11.0.0.164,11.0.0.11
1300,214,11.0.0.164,11.0.0.807
1300,214,11.0.0.164,11.0.0.807
1300,215,11.0.0.164,11.0.0.687
1300,215,11.0.0.164,11.0.0.687
1300,215,11.0.0.164,11.0.0.687
1300,218,11.0.0.164,11.0.0.47
1300,218,11.0.0.164,11.0.0.47
1300,218,11.0.0.164,11.0.0.593
1300,218,11.0.0.164,11.0.0.593
1300,220,11.0.0.164,11.0.0.602
1300,220,11.0.0.164,11.0.0.602
1300,220,11.0.0.164,11.0.0.602
1300,220,11.0.0.164,11.0.0.739
1300,221,11.0.0.164,11.0.0.263
1300,221,11.0.0.164,11.0.0.263
1300,221,11.0.0.164,11.0.0.263
1300,221,11.0.0.164,11.0.0.343
1300,221,11.0.0.164,11.0.0.343
1300,221,11.0.0.164,11.0.0.343
1300,222,11.0.0.164,11.0.0.26
1300,222,11.0.0.164,11.0.0.837
1300,224,11.0.0.164,11.0.0.816
1300,224,11.0.0.164,11.0.0.816
1300,224,11.0.0.164,11.0.0.816
1300,225,11.0.0.164,11.0.0.402
1300,225,11.0.0.164,11.0.0.402
1300,225,11.0.0.164,11.0.0.402
1300,226,11.0.0.164,11.0.0.347
1300,231,11.0.0.164,11.0.0.779
1300,231,11.0.0.164,11.0.0.400
1300,231,11.0.0.164,11.0.0.779
1300,231,11.0.0.164,11.0.0.400
1300,231,11.0.0.164,11.0.0.779
1300,232,11.0.0.164,11.0.0.413
1300,232,11.0.0.164,11.0.0.413
1300,233,11.0.0.164,11.0.0.11
1300,233,11.0.0.164,11.0.0.11
1300,234,11.0.0.164,11.0.0.109
1300,234,11.0.0.164,11.0.0.109
1300,234,11.0.0.164,11.0.0.11
1300,234,11.0.0.164,11.0.0.11
1300,235,11.0.0.164,11.0.0.508
1300,235,11.0.0.164,11.0.0.802
1300,235,11.0.0.164,11.0.0.802
1300,235,11.0.0.164,11.0.0.802
1300,237,11.0.0.164,11.0.0.807
1300,237,11.0.0.164,11.0.0.807
1300,237,11.0.0.164,11.0.0.807
1300,238,11.0.0.164,11.0.0.524
1300,238,11.0.0.164,11.0.0.524
1300,238,11.0.0.164,11.0.0.678
1300,238,11.0.0.164,11.0.0.524
1300,238,11.0.0.164,11.0.0.678
1300,238,11.0.0.164,11.0.0.678
1300,240,11.0.0.164,11.0.0.489
1300,240,11.0.0.164,11.0.0.481
1300,240,11.0.0.164,11.0.0.489
1300,240,11.0.0.164,11.0.0.489
1300,241,11.0.0.164,11.0.0.357
1300,241,11.0.0.164,11.0.0.357
1300,242,11.0.0.164,11.0.0.842
1300,242,11.0.0.164,11.0.0.463
1300,242,11.0.0.164,11.0.0.842
1300,242,11.0.0.164,11.0.0.463
1300,242,11.0.0.164,11.0.0.842
1300,243,11.0.0.164,11.0.0.536
1300,243,11.0.0.164,11.0.0.395
1300,243,11.0.0.164,11.0.0.395
1300,243,11.0.0.164,11.0.0.395
1300,243,11.0.0.164,11.0.0.536
1300,244,11.0.0.164,11.0.0.716
1300,244,11.0.0.164,11.0.0.716
1300,244,11.0.0.164,11.0.0.716
1300,245,11.0.0.164,11.0.0.395
1300,245,11.0.0.164,11.0.0.465
1300,245,11.0.0.164,11.0.0.465
1300,245,11.0.0.164,11.0.0.395
1300,248,11.0.0.164,11.0.0.536
1300,248,11.0.0.164,11.0.0.536
1300,248,11.0.0.164,11.0.0.788
1300,248,11.0.0.164,11.0.0.788
1300,249,11.0.0.164,11.0.0.402
1300,249,11.0.0.164,11.0.0.402
1300,249,11.0.0.164,11.0.0.402
1300,250,11.0.0.164,11.0.0.536
1300,250,11.0.0.164,11.0.0.660
1300,250,11.0.0.164,11.0.0.660
1300,250,11.0.0.164,11.0.0.536
1300,250,11.0.0.164,11.0.0.660
1300,250,11.0.0.164,11.0.0.536
1300,252,11.0.0.164,11.0.0.21
1300,252,11.0.0.164,11.0.0.21
1300,253,11.0.0.164,11.0.0.691
1300,253,11.0.0.164,11.0.0.691
1300,254,11.0.0.164,11.0.0.206
1300,254,11.0.0.164,11.0.0.206
1300,254,11.0.0.164,11.0.0.678
1300,254,11.0.0.164,11.0.0.206
1300,257,11.0.0.164,11.0.0.206
1300,257,11.0.0.164,11.0.0.773
1300,257,11.0.0.164,11.0.0.206
1300,257,11.0.0.164,11.0.0.773
1300,258,11.0.0.164,11.0.0.31
1300,258,11.0.0.164,11.0.0.413
1300,258,11.0.0.164,11.0.0.413
1300,258,11.0.0.164,11.0.0.413
1300,259,11.0.0.164,11.0.0.377
1300,259,11.0.0.164,11.0.0.508
1300,259,11.0.0.164,11.0.0.377
1300,259,11.0.0.164,11.0.0.377
1300,259,11.0.0.164,11.0.0.508
1300,260,11.0.0.164,11.0.0.831
1300,260,11.0.0.164,11.0.0.791
1300,260,11.0.0.164,11.0.0.791
1300,260,11.0.0.164,11.0.0.791
1300,260,11.0.0.164,11.0.0.831
1300,261,11.0.0.164,11.0.0.17
1300,261,11.0.0.164,11.0.0.17
1300,261,11.0.0.164,11.0.0.17
1300,262,11.0.0.164,11.0.0.463
1300,262,11.0.0.164,11.0.0.463
1300,263,11.0.0.164,11.0.0.357
1300,263,11.0.0.164,11.0.0.357
1300,264,11.0.0.164,11.0.0.664
1300,264,11.0.0.164,11.0.0.508
1300,264,11.0.0.164,11.0.0.508
1300,264,11.0.0.164,11.0.0.664
1300,265,11.0.0.164,11.0.0.395
1300,267,11.0.0.164,11.0.0.664
1300,267,11.0.0.164,11.0.0.664
1300,267,11.0.0.164,11.0.0.465
1300,268,11.0.0.164,11.0.0.616
1300,268,11.0.0.164,11.0.0.616
1300,269,11.0.0.164,11.0.0.664
1300,269,11.0.0.164,11.0.0.664
1300,269,11.0.0.164,11.0.0.664
1300,269,11.0.0.164,11.0.0.683
1300,269,11.0.0.164,11.0.0.683
1300,271,11.0.0.164,11.0.0.708
1300,271,11.0.0.164,11.0.0.17
1300,271,11.0.0.164,11.0.0.17
1300,271,11.0.0.164,11.0.0.17
1300,272,11.0.0.164,11.0.0.189
1300,272,11.0.0.164,11.0.0.189
1300,272,11.0.0.164,11.0.0.189
1300,272,11.0.0.164,11.0.0.47
1300,273,11.0.0.164,11.0.0.29
1300,273,11.0.0.164,11.0.0.788
1300,273,11.0.0.164,11.0.0.29
1300,273,11.0.0.164,11.0.0.788
1300,273,11.0.0.164,11.0.0.29
1300,275,11.0.0.164,11.0.0.347
1300,275,11.0.0.164,11.0.0.11
1300,275,11.0.0.164,11.0.0.11
1300,275,11.0.0.164,11.0.0.11
1300,275,11.0.0.164,11.0.0.347
1300,275,11.0.0.164,11.0.0.347
1300,276,11.0.0.164,11.0.0.489
1300,276,11.0.0.164,11.0.0.788
1300,276,11.0.0.164,11.0.0.489
1300,276,11.0.0.164,11.0.0.489
1300,276,11.0.0.164,11.0.0.788
1300,276,11.0.0.164,11.0.0.788
1300,277,11.0.0.164,11.0.0.176
1300,277,11.0.0.164,11.0.0.664
1300,280,11.0.0.164,11.0.0.442
1300,280,11.0.0.164,11.0.0.773
1300,280,11.0.0.164,11.0.0.773
1300,280,11.0.0.164,11.0.0.442
1300,280,11.0.0.164,11.0.0.773
1300,281,11.0.0.164,11.0.0.807
1300,281,11.0.0.164,11.0.0.807
1300,282,11.0.0.164,11.0.0.802
1300,282,11.0.0.164,11.0.0.395
1300,282,11.0.0.164,11.0.0.802
1300,283,11.0.0.164,11.0.0.715
1300,283,11.0.0.164,11.0.0.715
1300,283,11.0.0.164,11.0.0.109
1300,283,11.0.0.164,11.0.0.109
1300,283,11.0.0.164,11.0.0.109
1300,283,11.0.0.164,11.0.0.715
1300,284,11.0.0.164,11.0.0.26
1300,284,11.0.0.164,11.0.0.26
1300,284,11.0.0.164,11.0.0.11
1300,284,11.0.0.164,11.0.0.11
1300,286,11.0.0.164,11.0.0.590
1300,286,11.0.0.164,11.0.0.590
1300,287,11.0.0.164,11.0.0.524
1300,287,11.0.0.164,11.0.0.524
1300,287,11.0.0.164,11.0.0.29
1300,287,11.0.0.164,11.0.0.524
1300,288,11.0.0.164,11.0.0.463
1300,288,11.0.0.164,11.0.0.463
1300,288,11.0.0.164,11.0.0.463
1300,291,11.0.0.164,11.0.0.507
1300,291,11.0.0.164,11.0.0.660
1300,291,11.0.0.164,11.0.0.660
1300,291,11.0.0.164,11.0.0.507
1300,291,11.0.0.164,11.0.0.507
1300,292,11.0.0.164,11.0.0.26
1300,292,11.0.0.164,11.0.0.816
1300,292,11.0.0.164,11.0.0.26
1300,292,11.0.0.164,11.0.0.26
1300,293,11.0.0.164,11.0.0.767
1300,293,11.0.0.164,11.0.0.767
1300,293,11.0.0.164,11.0.0.767
1300,293,11.0.0.164,11.0.0.377
1300,293,11.0.0.164,11.0.0.377
1300,294,11.0.0.164,11.0.0.507
1300,294,11.0.0.164,11.0.0.507
1300,294,11.0.0.164,11.0.0.26
1300,294,11.0.0.164,11.0.0.26
1300,294,11.0.0.164,11.0.0.26
1300,296,11.0.0.164,11.0.0.660
1300,296,11.0.0.164,11.0.0.660
1300,296,11.0.0.164,11.0.0.660
1300,298,11.0.0.164,11.0.0.347
1300,298,11.0.0.164,11.0.0.465
1300,298,11.0.0.164,11.0.0.347
1300,298,11.0.0.164,11.0.0.465
1300,298,11.0.0.164,11.0.0.347
1300,298,11.0.0.164,11.0.0.465
1300,299,11.0.0.164,11.0.0.29
1300,299,11.0.0.164,11.0.0.29
1300,299,11.0.0.164,11.0.0.343
1300,300,11.0.0.164,11.0.0.672
1300,300,11.0.0.164,11.0.0.672
1300,303,11.0.0.164,11.0.0.29
1300,303,11.0.0.164,11.0.0.29
1300,304,11.0.0.164,11.0.0.664
1300,304,11.0.0.164,11.0.0.788
1300,306,11.0.0.164,11.0.0.708
1300,306,11.0.0.164,11.0.0.708
1300,306,11.0.0.164,11.0.0.708
1300,307,11.0.0.164,11.0.0.47
1300,308,11.0.0.164,11.0.0.593
1300,308,11.0.0.164,11.0.0.520
1300,309,11.0.0.164,11.0.0.739
1300,309,11.0.0.164,11.0.0.739
1300,309,11.0.0.164,11.0.0.683
1300,309,11.0.0.164,11.0.0.683
1300,309,11.0.0.164,11.0.0.739
1300,309,11.0.0.164,11.0.0.683
1300,312,11.0.0.164,11.0.0.17
1300,312,11.0.0.164,11.0.0.17
1300,312,11.0.0.164,11.0.0.510
1300,314,11.0.0.164,11.0.0.672
1300,314,11.0.0.164,11.0.0.672
1300,314,11.0.0.164,11.0.0.672
1300,315,11.0.0.164,11.0.0.746
1300,315,11.0.0.164,11.0.0.746
1300,317,11.0.0.164,11.0.0.470
1300,317,11.0.0.164,11.0.0.470
1300,317,11.0.0.164,11.0.0.791
1300,321,11.0.0.164,11.0.0.742
1300,321,11.0.0.164,11.0.0.742
1300,322,11.0.0.164,11.0.0.26
1300,322,11.0.0.164,11.0.0.26
1300,323,11.0.0.164,11.0.0.11
1300,323,11.0.0.164,11.0.0.648
1300,323,11.0.0.164,11.0.0.11
1300,323,11.0.0.164,11.0.0.11
1300,323,11.0.0.164,11.0.0.648
1300,326,11.0.0.164,11.0.0.478
1300,326,11.0.0.164,11.0.0.568
1300,326,11.0.0.164,11.0.0.568
1300,326,11.0.0.164,11.0.0.478
1300,326,11.0.0.164,11.0.0.568
1300,327,11.0.0.164,11.0.0.443
1300,327,11.0.0.164,11.0.0.443
1300,327,11.0.0.164,11.0.0.624
1300,327,11.0.0.164,11.0.0.624
1300,328,11.0.0.164,11.0.0.413
1300,329,11.0.0.164,11.0.0.478
1300,329,11.0.0.164,11.0.0.478
1300,331,11.0.0.164,11.0.0.508
1300,331,11.0.0.164,11.0.0.508
1300,333,11.0.0.164,11.0.0.155
1300,333,11.0.0.164,11.0.0.234
1300,333,11.0.0.164,11.0.0.234
1300,335,11.0.0.164,11.0.0.79
1300,335,11.0.0.164,11.0.0.201
1300,335,11.0.0.164,11.0.0.201
1300,335,11.0.0.164,11.0.0.79
1300,335,11.0.0.164,11.0.0.201
1300,336,11.0.0.164,11.0.0.719
1300,336,11.0.0.164,11.0.0.719
1300,336,11.0.0.164,11.0.0.423
1300,336,11.0.0.164,11.0.0.423
1300,337,11.0.0.164,11.0.0.834
1300,337,11.0.0.164,11.0.0.226
1300,339,11.0.0.164,11.0.0.263
1300,339,11.0.0.164,11.0.0.263
1300,340,11.0.0.164,11.0.0.311
1300,340,11.0.0.164,11.0.0.201
1300,340,11.0.0.164,11.0.0.201
1300,340,11.0.0.164,11.0.0.311
1300,340,11.0.0.164,11.0.0.311
1300,340,11.0.0.164,11.0.0.201
1300,341,11.0.0.164,11.0.0.26
1300,341,11.0.0.164,11.0.0.26
1300,341,11.0.0.164,11.0.0.26
1300,341,11.0.0.164,11.0.0.423
1300,342,11.0.0.164,11.0.0.613
1300,342,11.0.0.164,11.0.0.613
1300,342,11.0.0.164,11.0.0.613
1300,342,11.0.0.164,11.0.0.263
1300,342,11.0.0.164,11.0.0.263
1300,343,11.0.0.164,11.0.0.395
1300,343,11.0.0.164,11.0.0.242
1300,343,11.0.0.164,11.0.0.242
1300,343,11.0.0.164,11.0.0.242
1300,343,11.0.0.164,11.0.0.395
1300,343,11.0.0.164,11.0.0.395
1300,347,11.0.0.164,11.0.0.507
1300,348,11.0.0.164,11.0.0.706
1300,348,11.0.0.164,11.0.0.706
1300,348,11.0.0.164,11.0.0.691
1300,348,11.0.0.164,11.0.0.706
1300,348,11.0.0.164,11.0.0.691
1300,348,11.0.0.164,11.0.0.691
1300,349,11.0.0.164,11.0.0.524
1300,349,11.0.0.164,11.0.0.524
1300,349,11.0.0.164,11.0.0.463
1300,349,11.0.0.164,11.0.0.463
1300,350,11.0.0.164,11.0.0.593
1300,350,11.0.0.164,11.0.0.593
1300,350,11.0.0.164,11.0.0.593
1300,352,11.0.0.164,11.0.0.648
1300,352,11.0.0.164,11.0.0.648
1300,352,11.0.0.164,11.0.0.648
1300,353,11.0.0.164,11.0.0.481
1300,353,11.0.0.164,11.0.0.481
1300,354,11.0.0.164,11.0.0.678
1300,354,11.0.0.164,11.0.0.678
1300,354,11.0.0.164,11.0.0.341
1300,354,11.0.0.164,11.0.0.678
1300,357,11.0.0.164,11.0.0.791
1300,357,11.0.0.164,11.0.0.687
1300,357,11.0.0.164,11.0.0.791
1300,357,11.0.0.164,11.0.0.687
1300,357,11.0.0.164,11.0.0.687
1300,357,11.0.0.164,11.0.0.791
1300,358,11.0.0.164,11.0.0.772
1300,358,11.0.0.164,11.0.0.683
1300,358,11.0.0.164,11.0.0.772
1300,358,11.0.0.164,11.0.0.772
1300,358,11.0.0.164,11.0.0.683
1300,360,11.0.0.164,11.0.0.842
1300,360,11.0.0.164,11.0.0.201
1300,360,11.0.0.164,11.0.0.201
1300,360,11.0.0.164,11.0.0.842
1300,360,11.0.0.164,11.0.0.201
1300,360,11.0.0.164,11.0.0.842
1300,361,11.0.0.164,11.0.0.171
1300,361,11.0.0.164,11.0.0.443
1300,361,11.0.0.164,11.0.0.443
1300,362,11.0.0.164,11.0.0.747
1300,362,11.0.0.164,11.0.0.747
1300,362,11.0.0.164,11.0.0.747
1300,363,11.0.0.164,11.0.0.678
1300,363,11.0.0.164,11.0.0.678
1300,363,11.0.0.164,11.0.0.678
1300,365,11.0.0.164,11.0.0.691
1300,365,11.0.0.164,11.0.0.691
1300,369,11.0.0.164,11.0.0.842
1300,369,11.0.0.164,11.0.0.842
1300,369,11.0.0.164,11.0.0.842
1300,371,11.0.0.164,11.0.0.242
1300,371,11.0.0.164,11.0.0.242
1300,371,11.0.0.164,11.0.0.602
1300,371,11.0.0.164,11.0.0.602
1300,371,11.0.0.164,11.0.0.242
1300,373,11.0.0.164,11.0.0.718
1300,373,11.0.0.164,11.0.0.437
1300,374,11.0.0.164,11.0.0.226
1300,376,11.0.0.164,11.0.0.708
1300,376,11.0.0.164,11.0.0.708
1300,376,11.0.0.164,11.0.0.708
1300,377,11.0.0.164,11.0.0.242
1300,378,11.0.0.164,11.0.0.206
1300,378,11.0.0.164,11.0.0.206
1300,378,11.0.0.164,11.0.0.402
1300,378,11.0.0.164,11.0.0.402
1300,381,11.0.0.164,11.0.0.242
1300,381,11.0.0.164,11.0.0.242
1300,382,11.0.0.164,11.0.0.510
1300,382,11.0.0.164,11.0.0.510
1300,382,11.0.0.164,11.0.0.510
1300,383,11.0.0.164,11.0.0.524
1300,383,11.0.0.164,11.0.0.442
1300,383,11.0.0.164,11.0.0.442
1300,384,11.0.0.164,11.0.0.616
1300,384,11.0.0.164,11.0.0.616
1300,385,11.0.0.164,11.0.0.47
1300,385,11.0.0.164,11.0.0.47
1300,386,11.0.0.164,11.0.0.648
1300,387,11.0.0.164,11.0.0.11
1300,387,11.0.0.164,11.0.0.613
1300,387,11.0.0.164,11.0.0.11
1300,387,11.0.0.164,11.0.0.11
1300,387,11.0.0.164,11.0.0.613
1300,387,11.0.0.164,11.0.0.613
1300,388,11.0.0.164,11.0.0.92
1300,388,11.0.0.164,11.0.0.21
1300,388,11.0.0.164,11.0.0.21
1300,388,11.0.0.164,11.0.0.92
1300,389,11.0.0.164,11.0.0.255
1300,389,11.0.0.164,11.0.0.268
1300,389,11.0.0.164,11.0.0.268
1300,389,11.0.0.164,11.0.0.268
1300,392,11.0.0.164,11.0.0.465
1300,392,11.0.0.164,11.0.0.465
1300,392,11.0.0.164,11.0.0.465
1300,393,11.0.0.164,11.0.0.349
1300,393,11.0.0.164,11.0.0.719
1300,393,11.0.0.164,11.0.0.349
1300,395,11.0.0.164,11.0.0.746
1300,395,11.0.0.164,11.0.0.746
1300,395,11.0.0.164,11.0.0.746
1300,396,11.0.0.164,11.0.0.746
1300,396,11.0.0.164,11.0.0.843
1300,396,11.0.0.164,11.0.0.746
1300,396,11.0.0.164,11.0.0.843
1300,397,11.0.0.164,11.0.0.24
1300,398,11.0.0.164,11.0.0.837
1300,398,11.0.0.164,11.0.0.837
1300,398,11.0.0.164,11.0.0.524
1300,398,11.0.0.164,11.0.0.837
1300,398,11.0.0.164,11.0.0.524
1300,399,11.0.0.164,11.0.0.524
1300,399,11.0.0.164,11.0.0.524
1300,399,11.0.0.164,11.0.0.524
1300,400,11.0.0.164,11.0.0.470
1300,400,11.0.0.164,11.0.0.520
1300,400,11.0.0.164,11.0.0.470
1300,402,11.0.0.164,11.0.0.109
1300,402,11.0.0.164,11.0.0.773
1300,402,11.0.0.164,11.0.0.773
1300,402,11.0.0.164,11.0.0.109
1300,403,11.0.0.164,11.0.0.779
1300,403,11.0.0.164,11.0.0.263
1300,403,11.0.0.164,11.0.0.263
1300,403,11.0.0.164,11.0.0.779
1300,405,11.0.0.164,11.0.0.716
1300,405,11.0.0.164,11.0.0.716
1300,405,11.0.0.164,11.0.0.716
1300,406,11.0.0.164,11.0.0.423
1300,406,11.0.0.164,11.0.0.831
1300,406,11.0.0.164,11.0.0.423
1300,406,11.0.0.164,11.0.0.831
1300,407,11.0.0.164,11.0.0.536
1300,407,11.0.0.164,11.0.0.226
1300,408,11.0.0.164,11.0.0.718
1300,409,11.0.0.164,11.0.0.772
1300,409,11.0.0.164,11.0.0.772
1300,412,11.0.0.164,11.0.0.377
1300,412,11.0.0.164,11.0.0.377
1300,412,11.0.0.164,11.0.0.377
1300,414,11.0.0.164,11.0.0.92
1300,414,11.0.0.164,11.0.0.92
1300,414,11.0.0.164,11.0.0.92
1300,415,11.0.0.164,11.0.0.593
1300,415,11.0.0.164,11.0.0.593
1300,416,11.0.0.164,11.0.0.400
1300,416,11.0.0.164,11.0.0.400
1300,416,11.0.0.164,11.0.0.442
1300,416,11.0.0.164,11.0.0.400
1300,416,11.0.0.164,11.0.0.442
1300,416,11.0.0.164,11.0.0.442
1300,420,11.0.0.164,11.0.0.437
1300,420,11.0.0.164,11.0.0.437
1300,420,11.0.0.164,11.0.0.437
1300,421,11.0.0.164,11.0.0.648
1300,421,11.0.0.164,11.0.0.648
1300,421,11.0.0.164,11.0.0.413
1300,421,11.0.0.164,11.0.0.648
1300,424,11.0.0.164,11.0.0.385
1300,424,11.0.0.164,11.0.0.385
1300,424,11.0.0.164,11.0.0.385
1300,426,11.0.0.164,11.0.0.715
1300,426,11.0.0.164,11.0.0.79
1300,426,11.0.0.164,11.0.0.715
1300,426,11.0.0.164,11.0.0.715
1300,426,11.0.0.164,11.0.0.79
1300,429,11.0.0.164,11.0.0.50
1300,429,11.0.0.164,11.0.0.50
1300,429,11.0.0.164,11.0.0.24
1300,429,11.0.0.164,11.0.0.24
1300,429,11.0.0.164,11.0.0.24
1300,429,11.0.0.164,11.0.0.50
1300,430,11.0.0.164,11.0.0.842
1300,430,11.0.0.164,11.0.0.842
1300,431,11.0.0.164,11.0.0.536
1300,431,11.0.0.164,11.0.0.536
1300,434,11.0.0.164,11.0.0.742
1300,434,11.0.0.164,11.0.0.189
1300,434,11.0.0.164,11.0.0.189
1300,434,11.0.0.164,11.0.0.742
1300,434,11.0.0.164,11.0.0.189
1300,435,11.0.0.164,11.0.0.704
1300,435,11.0.0.164,11.0.0.704
1300,435,11.0.0.164,11.0.0.704
1300,436,11.0.0.164,11.0.0.613
1300,436,11.0.0.164,11.0.0.613
1300,436,11.0.0.164,11.0.0.613
1300,439,11.0.0.164,11.0.0.779
1300,439,11.0.0.164,11.0.0.779
1300,439,11.0.0.164,11.0.0.779
1300,440,11.0.0.164,11.0.0.226
1300,440,11.0.0.164,11.0.0.520
1300,440,11.0.0.164,11.0.0.226
1300,440,11.0.0.164,11.0.0.520
1300,441,11.0.0.164,11.0.0.648
1300,441,11.0.0.164,11.0.0.807
1300,441,11.0.0.164,11.0.0.648
1300,441,11.0.0.164,11.0.0.807
1300,441,11.0.0.164,11.0.0.648
1300,442,11.0.0.164,11.0.0.739
1300,442,11.0.0.164,11.0.0.489
1300,442,11.0.0.164,11.0.0.489
1300,442,11.0.0.164,11.0.0.739
1300,442,11.0.0.164,11.0.0.739
1300,444,11.0.0.164,11.0.0.267
1300,444,11.0.0.164,11.0.0.267
1300,444,11.0.0.164,11.0.0.24
1300,444,11.0.0.164,11.0.0.24
1300,445,11.0.0.164,11.0.0.50
1300,446,11.0.0.164,11.0.0.774
1300,447,11.0.0.164,11.0.0.774
1300,447,11.0.0.164,11.0.0.716
1300,447,11.0.0.164,11.0.0.716
1300,447,11.0.0.164,11.0.0.774
1300,449,11.0.0.164,11.0.0.773
1300,449,11.0.0.164,11.0.0.773
1300,449,11.0.0.164,11.0.0.357
1300,449,11.0.0.164,11.0.0.357
1300,452,11.0.0.164,11.0.0.437
1300,452,11.0.0.164,11.0.0.437
1300,453,11.0.0.164,11.0.0.489
1300,453,11.0.0.164,11.0.0.489
1300,455,11.0.0.164,11.0.0.807
1300,455,11.0.0.164,11.0.0.814
1300,455,11.0.0.164,11.0.0.814
1300,456,11.0.0.164,11.0.0.242
1300,457,11.0.0.164,11.0.0.47
1300,457,11.0.0.164,11.0.0.704
1300,459,11.0.0.164,11.0.0.92
1300,460,11.0.0.164,11.0.0.206
1300,460,11.0.0.164,11.0.0.206
1300,460,11.0.0.164,11.0.0.206
1300,460,11.0.0.164,11.0.0.470
1300,460,11.0.0.164,11.0.0.470
1300,460,11.0.0.164,11.0.0.470
1300,462,11.0.0.164,11.0.0.501
1300,462,11.0.0.164,11.0.0.341
1300,462,11.0.0.164,11.0.0.501
1300,462,11.0.0.164,11.0.0.501
1300,462,11.0.0.164,11.0.0.341
1300,462,11.0.0.164,11.0.0.341
1300,464,11.0.0.164,11.0.0.834
1300,464,11.0.0.164,11.0.0.834
1300,465,11.0.0.164,11.0.0.831
1300,467,11.0.0.164,11.0.0.779
1300,467,11.0.0.164,11.0.0.11
1300,467,11.0.0.164,11.0.0.779
1300,467,11.0.0.164,11.0.0.11
1300,469,11.0.0.164,11.0.0.311
1300,469,11.0.0.164,11.0.0.311
1300,469,11.0.0.164,11.0.0.311
1300,470,11.0.0.164,11.0.0.31
1300,471,11.0.0.164,11.0.0.520
1300,471,11.0.0.164,11.0.0.520
1300,472,11.0.0.164,11.0.0.341
1300,472,11.0.0.164,11.0.0.341
1300,472,11.0.0.164,11.0.0.648
1300,472,11.0.0.164,11.0.0.341
1300,472,11.0.0.164,11.0.0.648
1300,473,11.0.0.164,11.0.0.593
1300,473,11.0.0.164,11.0.0.593
1300,473,11.0.0.164,11.0.0.593
1300,473,11.0.0.164,11.0.0.248
1300,473,11.0.0.164,11.0.0.248
1300,475,11.0.0.164,11.0.0.226
1300,475,11.0.0.164,11.0.0.226
1300,475,11.0.0.164,11.0.0.402
1300,475,11.0.0.164,11.0.0.402
1300,477,11.0.0.164,11.0.0.687
1300,477,11.0.0.164,11.0.0.50
1300,477,11.0.0.164,11.0.0.687
1300,477,11.0.0.164,11.0.0.50
1300,478,11.0.0.164,11.0.0.568
1300,478,11.0.0.164,11.0.0.718
1300,478,11.0.0.164,11.0.0.568
1300,479,11.0.0.164,11.0.0.385
1300,479,11.0.0.164,11.0.0.678
1300,479,11.0.0.164,11.0.0.678
1300,479,11.0.0.164,11.0.0.678
1300,481,11.0.0.164,11.0.0.802
1300,481,11.0.0.164,11.0.0.802
1300,481,11.0.0.164,11.0.0.145
1300,481,11.0.0.164,11.0.0.802
1300,481,11.0.0.164,11.0.0.145
1300,482,11.0.0.164,11.0.0.402
1300,482,11.0.0.164,11.0.0.47
1300,482,11.0.0.164,11.0.0.402
1300,482,11.0.0.164,11.0.0.402
1300,482,11.0.0.164,11.0.0.47
1300,485,11.0.0.164,11.0.0.400
1300,485,11.0.0.164,11.0.0.400
1300,485,11.0.0.164,11.0.0.400
1300,486,11.0.0.164,11.0.0.747
1300,486,11.0.0.164,11.0.0.747
1300,486,11.0.0.164,11.0.0.747
1300,487,11.0.0.164,11.0.0.842
1300,487,11.0.0.164,11.0.0.842
1300,488,11.0.0.164,11.0.0.602
1300,488,11.0.0.164,11.0.0.602
1300,489,11.0.0.164,11.0.0.395
1300,489,11.0.0.164,11.0.0.837
1300,489,11.0.0.164,11.0.0.395
1300,489,11.0.0.164,11.0.0.837
1300,490,11.0.0.164,11.0.0.660
1300,490,11.0.0.164,11.0.0.508
1300,490,11.0.0.164,11.0.0.660
1300,490,11.0.0.164,11.0.0.660
1300,490,11.0.0.164,11.0.0.508
1300,491,11.0.0.164,11.0.0.788
1300,491,11.0.0.164,11.0.0.788
1300,491,11.0.0.164,11.0.0.788
1300,493,11.0.0.164,11.0.0.343
1300,493,11.0.0.164,11.0.0.343
1300,493,11.0.0.164,11.0.0.343
1300,494,11.0.0.164,11.0.0.79
1300,494,11.0.0.164,11.0.0.109
1300,494,11.0.0.164,11.0.0.79
1300,497,11.0.0.164,11.0.0.602
1300,497,11.0.0.164,11.0.0.660
1300,497,11.0.0.164,11.0.0.602
1300,500,11.0.0.164,11.0.0.385
1300,500,11.0.0.164,11.0.0.385
1300,500,11.0.0.164,11.0.0.400
1300,500,11.0.0.164,11.0.0.385
1300,500,11.0.0.164,11.0.0.400
1300,501,11.0.0.164,11.0.0.285
1300,505,11.0.0.164,11.0.0.708
1300,506,11.0.0.164,11.0.0.470
1300,507,11.0.0.164,11.0.0.176
1300,507,11.0.0.164,11.0.0.176
1300,508,11.0.0.164,11.0.0.465
1300,508,11.0.0.164,11.0.0.465
1300,509,11.0.0.164,11.0.0.155
1300,509,11.0.0.164,11.0.0.92
1300,512,11.0.0.164,11.0.0.788
1300,513,11.0.0.164,11.0.0.255
1300,513,11.0.0.164,11.0.0.255
1300,514,11.0.0.164,11.0.0.593
1300,515,11.0.0.164,11.0.0.672
1300,515,11.0.0.164,11.0.0.672
1300,516,11.0.0.164,11.0.0.772
1300,516,11.0.0.164,11.0.0.11
1300,516,11.0.0.164,11.0.0.772
1300,516,11.0.0.164,11.0.0.11
1300,517,11.0.0.164,11.0.0.831
1300,517,11.0.0.164,11.0.0.831
1300,517,11.0.0.164,11.0.0.843
1300,517,11.0.0.164,11.0.0.843
1300,517,11.0.0.164,11.0.0.831
1300,517,11.0.0.164,11.0.0.843
1300,518,11.0.0.164,11.0.0.402
1300,518,11.0.0.164,11.0.0.402
1300,519,11.0.0.164,11.0.0.788
1300,519,11.0.0.164,11.0.0.788
1300,519,11.0.0.164,11.0.0.788
1300,522,11.0.0.164,11.0.0.773
1300,522,11.0.0.164,11.0.0.501
1300,522,11.0.0.164,11.0.0.501
1300,522,11.0.0.164,11.0.0.773
1300,522,11.0.0.164,11.0.0.501
1300,523,11.0.0.164,11.0.0.206
1300,523,11.0.0.164,11.0.0.501
1300,523,11.0.0.164,11.0.0.206
1300,523,11.0.0.164,11.0.0.206
1300,524,11.0.0.164,11.0.0.746
1300,524,11.0.0.164,11.0.0.746
1300,525,11.0.0.164,11.0.0.691
1300,525,11.0.0.164,11.0.0.791
1300,525,11.0.0.164,11.0.0.791
1300,527,11.0.0.164,11.0.0.234
1300,527,11.0.0.164,11.0.0.234
1300,530,11.0.0.164,11.0.0.719
1300,530,11.0.0.164,11.0.0.719
1300,530,11.0.0.164,11.0.0.719
1300,531,11.0.0.164,11.0.0.708
1300,531,11.0.0.164,11.0.0.708
1300,531,11.0.0.164,11.0.0.478
1300,532,11.0.0.164,11.0.0.704
1300,532,11.0.0.164,11.0.0.704
1300,532,11.0.0.164,11.0.0.357
1300,532,11.0.0.164,11.0.0.357
1300,533,11.0.0.164,11.0.0.739
1300,533,11.0.0.164,11.0.0.155
1300,533,11.0.0.164,11.0.0.739
1300,535,11.0.0.164,11.0.0.718
1300,535,11.0.0.164,11.0.0.718
1300,535,11.0.0.164,11.0.0.478
1300,535,11.0.0.164,11.0.0.478
1300,536,11.0.0.164,11.0.0.443
1300,536,11.0.0.164,11.0.0.443
1300,538,11.0.0.164,11.0.0.11
1300,538,11.0.0.164,11.0.0.11
1300,538,11.0.0.164,11.0.0.598
1300,538,11.0.0.164,11.0.0.598
1300,538,11.0.0.164,11.0.0.11
1300,538,11.0.0.164,11.0.0.598
1300,540,11.0.0.164,11.0.0.377
1300,540,11.0.0.164,11.0.0.377
1300,541,11.0.0.164,11.0.0.79
1300,541,11.0.0.164,11.0.0.268
1300,542,11.0.0.164,11.0.0.437
1300,542,11.0.0.164,11.0.0.437
1300,542,11.0.0.164,11.0.0.437
1300,543,11.0.0.164,11.0.0.837
1300,543,11.0.0.164,11.0.0.837
1300,543,11.0.0.164,11.0.0.508
1300,543,11.0.0.164,11.0.0.508
1300,543,11.0.0.164,11.0.0.508
1300,544,11.0.0.164,11.0.0.402
1300,544,11.0.0.164,11.0.0.402
1300,547,11.0.0.164,11.0.0.706
1300,549,11.0.0.164,11.0.0.704
1300,551,11.0.0.164,11.0.0.341
1300,551,11.0.0.164,11.0.0.341
1300,551,11.0.0.164,11.0.0.341
1300,552,11.0.0.164,11.0.0.226
1300,552,11.0.0.164,11.0.0.226
1300,552,11.0.0.164,11.0.0.470
1300,553,11.0.0.164,11.0.0.746
1300,553,11.0.0.164,11.0.0.746
1300,553,11.0.0.164,11.0.0.407
1300,553,11.0.0.164,11.0.0.746
1300,554,11.0.0.164,11.0.0.807
1300,554,11.0.0.164,11.0.0.807
1300,554,11.0.0.164,11.0.0.109
1300,554,11.0.0.164,11.0.0.109
1300,555,11.0.0.164,11.0.0.616
1300,555,11.0.0.164,11.0.0.706
1300,555,11.0.0.164,11.0.0.706
1300,555,11.0.0.164,11.0.0.616
1300,555,11.0.0.164,11.0.0.616
1300,555,11.0.0.164,11.0.0.706
1300,557,11.0.0.164,11.0.0.267
1300,557,11.0.0.164,11.0.0.267
1300,557,11.0.0.164,11.0.0.267
1300,558,11.0.0.164,11.0.0.263
1300,558,11.0.0.164,11.0.0.242
1300,558,11.0.0.164,11.0.0.242
1300,558,11.0.0.164,11.0.0.263
1300,558,11.0.0.164,11.0.0.242
1300,562,11.0.0.164,11.0.0.377
1300,562,11.0.0.164,11.0.0.377
1300,563,11.0.0.164,11.0.0.774
1300,563,11.0.0.164,11.0.0.774
1300,564,11.0.0.164,11.0.0.779
1300,564,11.0.0.164,11.0.0.779
1300,565,11.0.0.164,11.0.0.268
1300,565,11.0.0.164,11.0.0.268
1300,568,11.0.0.164,11.0.0.687
1300,568,11.0.0.164,11.0.0.687
1300,569,11.0.0.164,11.0.0.242
1300,569,11.0.0.164,11.0.0.678
1300,569,11.0.0.164,11.0.0.242
1300,569,11.0.0.164,11.0.0.678
1300,569,11.0.0.164,11.0.0.242
1300,570,11.0.0.164,11.0.0.311
1300,571,11.0.0.164,11.0.0.837
1300,571,11.0.0.164,11.0.0.837
1300,571,11.0.0.164,11.0.0.816
1300,571,11.0.0.164,11.0.0.816
1300,571,11.0.0.164,11.0.0.837
1300,571,11.0.0.164,11.0.0.816
1300,572,11.0.0.164,11.0.0.816
1300,572,11.0.0.164,11.0.0.816
1300,573,11.0.0.164,11.0.0.747
1300,573,11.0.0.164,11.0.0.26
1300,573,11.0.0.164,11.0.0.26
1300,573,11.0.0.164,11.0.0.747
1300,573,11.0.0.164,11.0.0.747
1300,574,11.0.0.164,11.0.0.536
1300,574,11.0.0.164,11.0.0.747
1300,574,11.0.0.164,11.0.0.536
1300,574,11.0.0.164,11.0.0.747
1300,576,11.0.0.164,11.0.0.26
1300,577,11.0.0.164,11.0.0.672
1300,577,11.0.0.164,11.0.0.672
1300,577,11.0.0.164,11.0.0.524
1300,577,11.0.0.164,11.0.0.524
1300,582,11.0.0.164,11.0.0.772
1300,582,11.0.0.164,11.0.0.772
1300,582,11.0.0.164,11.0.0.772
1300,584,11.0.0.164,11.0.0.263
1300,584,11.0.0.164,11.0.0.263
1300,586,11.0.0.164,11.0.0.92
1300,586,11.0.0.164,11.0.0.92
1300,586,11.0.0.164,11.0.0.92
1300,587,11.0.0.164,11.0.0.79
1300,587,11.0.0.164,11.0.0.171
1300,587,11.0.0.164,11.0.0.171
1300,587,11.0.0.164,11.0.0.171
1300,589,11.0.0.164,11.0.0.189
1300,589,11.0.0.164,11.0.0.189
1300,590,11.0.0.164,11.0.0.437
1300,590,11.0.0.164,11.0.0.524
1300,590,11.0.0.164,11.0.0.437
1300,591,11.0.0.164,11.0.0.691
1300,591,11.0.0.164,11.0.0.691
1300,592,11.0.0.164,11.0.0.664
1300,592,11.0.0.164,11.0.0.508
1300,592,11.0.0.164,11.0.0.664
1300,592,11.0.0.164,11.0.0.664
1300,593,11.0.0.164,11.0.0.520
1300,593,11.0.0.164,11.0.0.520
1300,593,11.0.0.164,11.0.0.520
1300,597,11.0.0.164,11.0.0.704
1300,597,11.0.0.164,11.0.0.704
1300,597,11.0.0.164,11.0.0.704
1300,598,11.0.0.164,11.0.0.17
1300,598,11.0.0.164,11.0.0.357
1300,598,11.0.0.164,11.0.0.17
1300,598,11.0.0.164,11.0.0.17
1300,598,11.0.0.164,11.0.0.357
1300,599,11.0.0.164,11.0.0.772
1300,599,11.0.0.164,11.0.0.155
1300,600,11.0.0.164,11.0.0.842
1300,600,11.0.0.164,11.0.0.842
1300,603,11.0.0.164,11.0.0.739
1300,603,11.0.0.164,11.0.0.739
1300,603,11.0.0.164,11.0.0.739
1300,605,11.0.0.164,11.0.0.481
1300,605,11.0.0.164,11.0.0.481
1300,606,11.0.0.164,11.0.0.746
1300,606,11.0.0.164,11.0.0.746
1300,607,11.0.0.164,11.0.0.788
1300,607,11.0.0.164,11.0.0.788
1300,609,11.0.0.164,11.0.0.79
1300,610,11.0.0.164,11.0.0.407
1300,610,11.0.0.164,11.0.0.407
1300,610,11.0.0.164,11.0.0.145
1300,610,11.0.0.164,11.0.0.407
1300,610,11.0.0.164,11.0.0.145
1300,611,11.0.0.164,11.0.0.779
1300,611,11.0.0.164,11.0.0.779
1300,612,11.0.0.164,11.0.0.285
1300,613,11.0.0.164,11.0.0.145
1300,613,11.0.0.164,11.0.0.660
1300,614,11.0.0.164,11.0.0.21
1300,614,11.0.0.164,11.0.0.11
1300,614,11.0.0.164,11.0.0.21
1300,614,11.0.0.164,11.0.0.11
1300,615,11.0.0.164,11.0.0.24
1300,618,11.0.0.164,11.0.0.311
1300,618,11.0.0.164,11.0.0.311
1300,618,11.0.0.164,11.0.0.311
1300,618,11.0.0.164,11.0.0.706
1300,619,11.0.0.164,11.0.0.263
1300,619,11.0.0.164,11.0.0.263
1300,620,11.0.0.164,11.0.0.616
1300,620,11.0.0.164,11.0.0.616
1300,620,11.0.0.164,11.0.0.616
1300,621,11.0.0.164,11.0.0.683
1300,623,11.0.0.164,11.0.0.660
1300,623,11.0.0.164,11.0.0.660
1300,624,11.0.0.164,11.0.0.24
1300,624,11.0.0.164,11.0.0.24
1300,624,11.0.0.164,11.0.0.24
1300,625,11.0.0.164,11.0.0.155
1300,625,11.0.0.164,11.0.0.155
1300,625,11.0.0.164,11.0.0.423
1300,625,11.0.0.164,11.0.0.155
1300,625,11.0.0.164,11.0.0.423
1300,626,11.0.0.164,11.0.0.706
1300,626,11.0.0.164,11.0.0.706
1300,626,11.0.0.164,11.0.0.593
1300,626,11.0.0.164,11.0.0.593
1300,627,11.0.0.164,11.0.0.17
1300,627,11.0.0.164,11.0.0.17
1300,628,11.0.0.164,11.0.0.465
1300,628,11.0.0.164,11.0.0.11
1300,628,11.0.0.164,11.0.0.465
1300,628,11.0.0.164,11.0.0.465
1300,628,11.0.0.164,11.0.0.11
1300,629,11.0.0.164,11.0.0.226
1300,629,11.0.0.164,11.0.0.349
1300,629,11.0.0.164,11.0.0.226
1300,629,11.0.0.164,11.0.0.226
1300,629,11.0.0.164,11.0.0.349
1300,629,11.0.0.164,11.0.0.349
1300,630,11.0.0.164,11.0.0.716
1300,630,11.0.0.164,11.0.0.311
1300,630,11.0.0.164,11.0.0.311
1300,630,11.0.0.164,11.0.0.311
1300,631,11.0.0.164,11.0.0.357
1300,631,11.0.0.164,11.0.0.357
1300,631,11.0.0.164,11.0.0.377
1300,631,11.0.0.164,11.0.0.357
1300,631,11.0.0.164,11.0.0.377
1300,631,11.0.0.164,11.0.0.377
1300,632,11.0.0.164,11.0.0.341
1300,632,11.0.0.164,11.0.0.341
1300,632,11.0.0.164,11.0.0.834
1300,632,11.0.0.164,11.0.0.341
1300,632,11.0.0.164,11.0.0.834
1300,633,11.0.0.164,11.0.0.834
1300,633,11.0.0.164,11.0.0.255
1300,633,11.0.0.164,11.0.0.255
1300,634,11.0.0.164,11.0.0.341
1300,635,11.0.0.164,11.0.0.719
1300,635,11.0.0.164,11.0.0.719
1300,637,11.0.0.164,11.0.0.285
1300,637,11.0.0.164,11.0.0.285
1300,638,11.0.0.164,11.0.0.739
1300,638,11.0.0.164,11.0.0.773
1300,638,11.0.0.164,11.0.0.739
1300,639,11.0.0.164,11.0.0.226
1300,639,11.0.0.164,11.0.0.423
1300,639,11.0.0.164,11.0.0.226
1300,639,11.0.0.164,11.0.0.423
1300,639,11.0.0.164,11.0.0.423
1300,640,11.0.0.164,11.0.0.624
1300,641,11.0.0.164,11.0.0.829
1300,641,11.0.0.164,11.0.0.829
1300,641,11.0.0.164,11.0.0.829
1300,642,11.0.0.164,11.0.0.590
1300,642,11.0.0.164,11.0.0.590
1300,642,11.0.0.164,11.0.0.708
1300,642,11.0.0.164,11.0.0.708
1300,642,11.0.0.164,11.0.0.708
1300,642,11.0.0.164,11.0.0.590
1300,645,11.0.0.164,11.0.0.349
1300,645,11.0.0.164,11.0.0.437
1300,645,11.0.0.164,11.0.0.349
1300,646,11.0.0.164,11.0.0.206
1300,646,11.0.0.164,11.0.0.206
1300,647,11.0.0.164,11.0.0.788
1300,647,11.0.0.164,11.0.0.719
1300,649,11.0.0.164,11.0.0.520
1300,649,11.0.0.164,11.0.0.520
1300,650,11.0.0.164,11.0.0.478
1300,652,11.0.0.164,11.0.0.626
1300,652,11.0.0.164,11.0.0.626
1300,652,11.0.0.164,11.0.0.626
1300,653,11.0.0.164,11.0.0.109
1300,653,11.0.0.164,11.0.0.773
1300,653,11.0.0.164,11.0.0.109
1300,653,11.0.0.164,11.0.0.109
1300,653,11.0.0.164,11.0.0.773
1300,654,11.0.0.164,11.0.0.837
1300,654,11.0.0.164,11.0.0.837
1300,655,11.0.0.164,11.0.0.234
1300,655,11.0.0.164,11.0.0.234
1300,658,11.0.0.164,11.0.0.478
1300,658,11.0.0.164,11.0.0.478
1300,658,11.0.0.164,11.0.0.478
1300,658,11.0.0.164,11.0.0.704
1300,659,11.0.0.164,11.0.0.648
1300,659,11.0.0.164,11.0.0.478
1300,659,11.0.0.164,11.0.0.648
1300,663,11.0.0.164,11.0.0.171
1300,663,11.0.0.164,11.0.0.171
1300,663,11.0.0.164,11.0.0.171
1300,664,11.0.0.164,11.0.0.773
1300,664,11.0.0.164,11.0.0.263
1300,664,11.0.0.164,11.0.0.263
1300,664,11.0.0.164,11.0.0.263
1300,664,11.0.0.164,11.0.0.773
1300,664,11.0.0.164,11.0.0.773
1300,666,11.0.0.164,11.0.0.791
1300,666,11.0.0.164,11.0.0.791
1300,666,11.0.0.164,11.0.0.145
1300,666,11.0.0.164,11.0.0.145
1300,666,11.0.0.164,11.0.0.791
1300,667,11.0.0.164,11.0.0.719
1300,667,11.0.0.164,11.0.0.437
1300,667,11.0.0.164,11.0.0.437
1300,668,11.0.0.164,11.0.0.834
1300,668,11.0.0.164,11.0.0.834
1300,670,11.0.0.164,11.0.0.706
1300,670,11.0.0.164,11.0.0.706
1300,670,11.0.0.164,11.0.0.347
1300,670,11.0.0.164,11.0.0.706
1300,670,11.0.0.164,11.0.0.347
1300,671,11.0.0.164,11.0.0.478
1300,671,11.0.0.164,11.0.0.842
1300,671,11.0.0.164,11.0.0.478
1300,671,11.0.0.164,11.0.0.842
1300,671,11.0.0.164,11.0.0.842
1300,673,11.0.0.164,11.0.0.613
1300,673,11.0.0.164,11.0.0.747
1300,673,11.0.0.164,11.0.0.747
1300,673,11.0.0.164,11.0.0.747
1300,673,11.0.0.164,11.0.0.613
1300,674,11.0.0.164,11.0.0.413
1300,674,11.0.0.164,11.0.0.109
1300,674,11.0.0.164,11.0.0.413
1300,675,11.0.0.164,11.0.0.708
1300,677,11.0.0.164,11.0.0.590
1300,677,11.0.0.164,11.0.0.590
1300,677,11.0.0.164,11.0.0.590
1300,678,11.0.0.164,11.0.0.109
1300,678,11.0.0.164,11.0.0.109
1300,678,11.0.0.164,11.0.0.109
1300,680,11.0.0.164,11.0.0.598
1300,680,11.0.0.164,11.0.0.598
1300,681,11.0.0.164,11.0.0.660
1300,681,11.0.0.164,11.0.0.660
1300,681,11.0.0.164,11.0.0.660
1300,682,11.0.0.164,11.0.0.263
1300,682,11.0.0.164,11.0.0.263
1300,682,11.0.0.164,11.0.0.400
1300,682,11.0.0.164,11.0.0.263
1300,682,11.0.0.164,11.0.0.400
1300,682,11.0.0.164,11.0.0.400
1300,683,11.0.0.164,11.0.0.437
1300,683,11.0.0.164,11.0.0.437
1300,683,11.0.0.164,11.0.0.706
1300,684,11.0.0.164,11.0.0.377
1300,684,11.0.0.164,11.0.0.501
1300,684,11.0.0.164,11.0.0.377
1300,684,11.0.0.164,11.0.0.501
1300,685,11.0.0.164,11.0.0.206
1300,685,11.0.0.164,11.0.0.206
1300,685,11.0.0.164,11.0.0.206
1300,686,11.0.0.164,11.0.0.716
1300,686,11.0.0.164,11.0.0.613
1300,687,11.0.0.164,11.0.0.470
1300,687,11.0.0.164,11.0.0.470
1300,687,11.0.0.164,11.0.0.478
1300,690,11.0.0.164,11.0.0.189
1300,690,11.0.0.164,11.0.0.598
1300,690,11.0.0.164,11.0.0.598
1300,690,11.0.0.164,11.0.0.189
1300,690,11.0.0.164,11.0.0.189
1300,693,11.0.0.164,11.0.0.26
1300,693,11.0.0.164,11.0.0.739
1300,693,11.0.0.164,11.0.0.26
1300,693,11.0.0.164,11.0.0.26
1300,694,11.0.0.164,11.0.0.267
1300,694,11.0.0.164,11.0.0.535
1300,694,11.0.0.164,11.0.0.267
1300,694,11.0.0.164,11.0.0.267
1300,695,11.0.0.164,11.0.0.660
1300,695,11.0.0.164,11.0.0.660
1300,695,11.0.0.164,11.0.0.660
1300,696,11.0.0.164,11.0.0.21
1300,696,11.0.0.164,11.0.0.21
1300,698,11.0.0.164,11.0.0.747
1300,698,11.0.0.164,11.0.0.747
1300,702,11.0.0.164,11.0.0.507
1300,702,11.0.0.164,11.0.0.385
1300,702,11.0.0.164,11.0.0.507
1300,702,11.0.0.164,11.0.0.385
1300,702,11.0.0.164,11.0.0.385
1300,705,11.0.0.164,11.0.0.648
1300,705,11.0.0.164,11.0.0.648
1300,705,11.0.0.164,11.0.0.248
1300,705,11.0.0.164,11.0.0.648
1300,707,11.0.0.164,11.0.0.716
1300,707,11.0.0.164,11.0.0.716
1300,707,11.0.0.164,11.0.0.716
1300,708,11.0.0.164,11.0.0.263
1300,708,11.0.0.164,11.0.0.443
1300,708,11.0.0.164,11.0.0.443
1300,708,11.0.0.164,11.0.0.263
1300,709,11.0.0.164,11.0.0.624
1300,709,11.0.0.164,11.0.0.829
1300,709,11.0.0.164,11.0.0.829
1300,709,11.0.0.164,11.0.0.624
1300,709,11.0.0.164,11.0.0.624
1300,710,11.0.0.164,11.0.0.590
1300,710,11.0.0.164,11.0.0.590
1300,711,11.0.0.164,11.0.0.402
1300,711,11.0.0.164,11.0.0.807
1300,711,11.0.0.164,11.0.0.402
1300,711,11.0.0.164,11.0.0.402
1300,711,11.0.0.164,11.0.0.807
1300,712,11.0.0.164,11.0.0.26
1300,712,11.0.0.164,11.0.0.26
1300,712,11.0.0.164,11.0.0.26
1300,713,11.0.0.164,11.0.0.347
1300,714,11.0.0.164,11.0.0.201
1300,714,11.0.0.164,11.0.0.201
1300,714,11.0.0.164,11.0.0.201
1300,715,11.0.0.164,11.0.0.678
1300,715,11.0.0.164,11.0.0.678
1300,716,11.0.0.164,11.0.0.742
1300,716,11.0.0.164,11.0.0.742
1300,717,11.0.0.164,11.0.0.470
1300,717,11.0.0.164,11.0.0.470
1300,717,11.0.0.164,11.0.0.470
1300,718,11.0.0.164,11.0.0.687
1300,718,11.0.0.164,11.0.0.79
1300,718,11.0.0.164,11.0.0.79
1300,718,11.0.0.164,11.0.0.79
1300,720,11.0.0.164,11.0.0.385
1300,720,11.0.0.164,11.0.0.385
1300,720,11.0.0.164,11.0.0.385
1300,720,11.0.0.164,11.0.0.593
1300,720,11.0.0.164,11.0.0.593
1300,721,11.0.0.164,11.0.0.837
1300,721,11.0.0.164,11.0.0.109
1300,721,11.0.0.164,11.0.0.109
1300,721,11.0.0.164,11.0.0.837
1300,721,11.0.0.164,11.0.0.109
1300,722,11.0.0.164,11.0.0.683
1300,725,11.0.0.164,11.0.0.24
1300,725,11.0.0.164,11.0.0.92
1300,725,11.0.0.164,11.0.0.24
1300,725,11.0.0.164,11.0.0.92
1300,725,11.0.0.164,11.0.0.24
1300,726,11.0.0.164,11.0.0.715
1300,726,11.0.0.164,11.0.0.715
1300,726,11.0.0.164,11.0.0.715
1300,727,11.0.0.164,11.0.0.660
1300,729,11.0.0.164,11.0.0.481
1300,729,11.0.0.164,11.0.0.481
1300,729,11.0.0.164,11.0.0.481
1300,730,11.0.0.164,11.0.0.772
1300,730,11.0.0.164,11.0.0.268
1300,730,11.0.0.164,11.0.0.772
1300,730,11.0.0.164,11.0.0.268
1300,730,11.0.0.164,11.0.0.268
1300,730,11.0.0.164,11.0.0.772
1300,731,11.0.0.164,11.0.0.568
1300,731,11.0.0.164,11.0.0.437
1300,731,11.0.0.164,11.0.0.437
1300,731,11.0.0.164,11.0.0.568
1300,732,11.0.0.164,11.0.0.598
1300,733,11.0.0.164,11.0.0.831
1300,733,11.0.0.164,11.0.0.481
1300,733,11.0.0.164,11.0.0.831
1300,736,11.0.0.164,11.0.0.285
1300,737,11.0.0.164,11.0.0.739
1300,737,11.0.0.164,11.0.0.739
1300,738,11.0.0.164,11.0.0.816
1300,738,11.0.0.164,11.0.0.816
1300,739,11.0.0.164,11.0.0.678
1300,739,11.0.0.164,11.0.0.678
1300,739,11.0.0.164,11.0.0.678
1300,740,11.0.0.164,11.0.0.568
1300,740,11.0.0.164,11.0.0.568
1300,742,11.0.0.164,11.0.0.79
1300,742,11.0.0.164,11.0.0.598
1300,742,11.0.0.164,11.0.0.79
1300,742,11.0.0.164,11.0.0.598
1300,748,11.0.0.164,11.0.0.691
1300,748,11.0.0.164,11.0.0.834
1300,748,11.0.0.164,11.0.0.691
1300,752,11.0.0.164,11.0.0.189
1300,752,11.0.0.164,11.0.0.189
1300,752,11.0.0.164,11.0.0.17
1300,752,11.0.0.164,11.0.0.17
1300,752,11.0.0.164,11.0.0.17
1300,752,11.0.0.164,11.0.0.189
1300,753,11.0.0.164,11.0.0.704
1300,753,11.0.0.164,11.0.0.704
1300,753,11.0.0.164,11.0.0.704
1300,753,11.0.0.164,11.0.0.829
1300,753,11.0.0.164,11.0.0.829
1300,753,11.0.0.164,11.0.0.829
1300,754,11.0.0.164,11.0.0.814
1300,754,11.0.0.164,11.0.0.814
1300,754,11.0.0.164,11.0.0.814
1300,755,11.0.0.164,11.0.0.347
1300,755,11.0.0.164,11.0.0.347
1300,758,11.0.0.164,11.0.0.626
1300,758,11.0.0.164,11.0.0.402
1300,758,11.0.0.164,11.0.0.402
1300,758,11.0.0.164,11.0.0.626
1300,758,11.0.0.164,11.0.0.626
1300,759,11.0.0.164,11.0.0.716
1300,760,11.0.0.164,11.0.0.226
1300,760,11.0.0.164,11.0.0.226
1300,761,11.0.0.164,11.0.0.226
1300,761,11.0.0.164,11.0.0.226
1300,761,11.0.0.164,11.0.0.50
1300,761,11.0.0.164,11.0.0.50
1300,763,11.0.0.164,11.0.0.29
1300,763,11.0.0.164,11.0.0.29
1300,763,11.0.0.164,11.0.0.29
1300,764,11.0.0.164,11.0.0.31
1300,764,11.0.0.164,11.0.0.470
1300,764,11.0.0.164,11.0.0.470
1300,765,11.0.0.164,11.0.0.747
1300,765,11.0.0.164,11.0.0.747
1300,765,11.0.0.164,11.0.0.747
1300,767,11.0.0.164,11.0.0.349
1300,767,11.0.0.164,11.0.0.349
1300,768,11.0.0.164,11.0.0.613
1300,768,11.0.0.164,11.0.0.660
1300,768,11.0.0.164,11.0.0.660
1300,768,11.0.0.164,11.0.0.660
1300,768,11.0.0.164,11.0.0.613
1300,769,11.0.0.164,11.0.0.470
1300,769,11.0.0.164,11.0.0.470
1300,771,11.0.0.164,11.0.0.465
1300,771,11.0.0.164,11.0.0.465
1300,772,11.0.0.164,11.0.0.145
1300,772,11.0.0.164,11.0.0.145
1300,772,11.0.0.164,11.0.0.145
1300,773,11.0.0.164,11.0.0.50
1300,773,11.0.0.164,11.0.0.718
1300,773,11.0.0.164,11.0.0.718
1300,773,11.0.0.164,11.0.0.50
1300,773,11.0.0.164,11.0.0.718
1300,776,11.0.0.164,11.0.0.613
1300,776,11.0.0.164,11.0.0.613
1300,776,11.0.0.164,11.0.0.678
1300,776,11.0.0.164,11.0.0.678
1300,777,11.0.0.164,11.0.0.465
1300,777,11.0.0.164,11.0.0.719
1300,777,11.0.0.164,11.0.0.465
1300,780,11.0.0.164,11.0.0.268
1300,780,11.0.0.164,11.0.0.602
1300,780,11.0.0.164,11.0.0.268
1300,780,11.0.0.164,11.0.0.602
1300,780,11.0.0.164,11.0.0.268
1300,783,11.0.0.164,11.0.0.206
1300,783,11.0.0.164,11.0.0.206
1300,783,11.0.0.164,11.0.0.206
1300,783,11.0.0.164,11.0.0.773
1300,784,11.0.0.164,11.0.0.50
1300,784,11.0.0.164,11.0.0.50
1300,785,11.0.0.164,11.0.0.31
1300,785,11.0.0.164,11.0.0.234
1300,785,11.0.0.164,11.0.0.31
1300,786,11.0.0.164,11.0.0.718
1300,786,11.0.0.164,11.0.0.590
1300,786,11.0.0.164,11.0.0.590
1300,786,11.0.0.164,11.0.0.590
1300,787,11.0.0.164,11.0.0.311
1300,787,11.0.0.164,11.0.0.311
1300,787,11.0.0.164,11.0.0.311
1300,787,11.0.0.164,11.0.0.704
1300,787,11.0.0.164,11.0.0.704
1300,787,11.0.0.164,11.0.0.704
1300,788,11.0.0.164,11.0.0.510
1300,789,11.0.0.164,11.0.0.508
1300,789,11.0.0.164,11.0.0.508
1300,789,11.0.0.164,11.0.0.508
1300,790,11.0.0.164,11.0.0.176
1300,790,11.0.0.164,11.0.0.449
1300,790,11.0.0.164,11.0.0.176
1300,791,11.0.0.164,11.0.0.413
1300,791,11.0.0.164,11.0.0.413
1300,791,11.0.0.164,11.0.0.678
1300,791,11.0.0.164,11.0.0.678
1300,791,11.0.0.164,11.0.0.413
1300,792,11.0.0.164,11.0.0.648
1300,792,11.0.0.164,11.0.0.255
1300,792,11.0.0.164,11.0.0.255
1300,792,11.0.0.164,11.0.0.648
1300,793,11.0.0.164,11.0.0.687
1300,793,11.0.0.164,11.0.0.687
1300,795,11.0.0.164,11.0.0.50
1300,795,11.0.0.164,11.0.0.11
1300,795,11.0.0.164,11.0.0.11
1300,795,11.0.0.164,11.0.0.50
1300,795,11.0.0.164,11.0.0.11
1300,795,11.0.0.164,11.0.0.50
1300,796,11.0.0.164,11.0.0.145
1300,796,11.0.0.164,11.0.0.145
1300,796,11.0.0.164,11.0.0.616
1300,797,11.0.0.164,11.0.0.50
1300,797,11.0.0.164,11.0.0.50
1300,797,11.0.0.164,11.0.0.50
1300,799,11.0.0.164,11.0.0.50
1300,799,11.0.0.164,11.0.0.50
1300,800,11.0.0.164,11.0.0.683
1300,801,11.0.0.164,11.0.0.171
1300,801,11.0.0.164,11.0.0.171
1300,801,11.0.0.164,11.0.0.171
1300,801,11.0.0.164,11.0.0.79
1300,803,11.0.0.164,11.0.0.536
1300,803,11.0.0.164,11.0.0.400
1300,803,11.0.0.164,11.0.0.536
1300,804,11.0.0.164,11.0.0.206
1300,804,11.0.0.164,11.0.0.568
1300,804,11.0.0.164,11.0.0.206
1300,804,11.0.0.164,11.0.0.206
1300,805,11.0.0.164,11.0.0.715
1300,805,11.0.0.164,11.0.0.715
1300,806,11.0.0.164,11.0.0.31
1300,806,11.0.0.164,11.0.0.31
1300,807,11.0.0.164,11.0.0.672
1300,807,11.0.0.164,11.0.0.672
1300,807,11.0.0.164,11.0.0.343
1300,807,11.0.0.164,11.0.0.343
1300,807,11.0.0.164,11.0.0.672
1300,810,11.0.0.164,11.0.0.385
1300,810,11.0.0.164,11.0.0.385
1300,810,11.0.0.164,11.0.0.29
1300,810,11.0.0.164,11.0.0.385
1300,811,11.0.0.164,11.0.0.171
1300,811,11.0.0.164,11.0.0.171
1300,813,11.0.0.164,11.0.0.507
1300,813,11.0.0.164,11.0.0.47
1300,813,11.0.0.164,11.0.0.47
1300,814,11.0.0.164,11.0.0.242
1300,814,11.0.0.164,11.0.0.613
1300,814,11.0.0.164,11.0.0.242
1300,814,11.0.0.164,11.0.0.613
1300,814,11.0.0.164,11.0.0.242
1300,815,11.0.0.164,11.0.0.568
1300,815,11.0.0.164,11.0.0.568
1300,816,11.0.0.164,11.0.0.17
1300,816,11.0.0.164,11.0.0.17
1300,817,11.0.0.164,11.0.0.624
1300,817,11.0.0.164,11.0.0.624
1300,817,11.0.0.164,11.0.0.678
1300,817,11.0.0.164,11.0.0.678
1300,817,11.0.0.164,11.0.0.624
1300,822,11.0.0.164,11.0.0.816
1300,822,11.0.0.164,11.0.0.816
1300,822,11.0.0.164,11.0.0.816
1300,823,11.0.0.164,11.0.0.678
1300,823,11.0.0.164,11.0.0.678
1300,824,11.0.0.164,11.0.0.598
1300,824,11.0.0.164,11.0.0.598
1300,824,11.0.0.164,11.0.0.613
1300,826,11.0.0.164,11.0.0.837
1300,826,11.0.0.164,11.0.0.837
1300,827,11.0.0.164,11.0.0.343
1300,827,11.0.0.164,11.0.0.343
1300,829,11.0.0.164,11.0.0.377
1300,830,11.0.0.164,11.0.0.50
1300,830,11.0.0.164,11.0.0.50
1300,830,11.0.0.164,11.0.0.50
1300,830,11.0.0.164,11.0.0.791
1300,831,11.0.0.164,11.0.0.402
1300,831,11.0.0.164,11.0.0.402
1300,832,11.0.0.164,11.0.0.739
1300,832,11.0.0.164,11.0.0.739
1300,832,11.0.0.164,11.0.0.739
1300,832,11.0.0.164,11.0.0.407
1300,832,11.0.0.164,11.0.0.407
1300,833,11.0.0.164,11.0.0.343
1300,833,11.0.0.164,11.0.0.343
1300,835,11.0.0.164,11.0.0.802
1300,835,11.0.0.164,11.0.0.802
1300,838,11.0.0.164,11.0.0.791
1300,838,11.0.0.164,11.0.0.791
1300,838,11.0.0.164,11.0.0.407
1300,838,11.0.0.164,11.0.0.791
1300,838,11.0.0.164,11.0.0.407
1300,838,11.0.0.164,11.0.0.407
1300,842,11.0.0.164,11.0.0.613
1300,842,11.0.0.164,11.0.0.613
1300,843,11.0.0.164,11.0.0.706
1300,843,11.0.0.164,11.0.0.706
1300,843,11.0.0.164,11.0.0.706
1300,844,11.0.0.164,11.0.0.489
1300,844,11.0.0.164,11.0.0.842
1300,844,11.0.0.164,11.0.0.489
1300,844,11.0.0.164,11.0.0.842
1300,845,11.0.0.164,11.0.0.79
1300,845,11.0.0.164,11.0.0.79
1300,845,11.0.0.164,11.0.0.470
1300,845,11.0.0.164,11.0.0.79
1300,845,11.0.0.164,11.0.0.470
1300,846,11.0.0.164,11.0.0.779
1300,848,11.0.0.164,11.0.0.718
1300,850,11.0.0.164,11.0.0.79
1300,852,11.0.0.164,11.0.0.478
1300,852,11.0.0.164,11.0.0.478
1300,852,11.0.0.164,11.0.0.478
1300,852,11.0.0.164,11.0.0.648
1300,852,11.0.0.164,11.0.0.648
1300,853,11.0.0.164,11.0.0.660
1300,853,11.0.0.164,11.0.0.660
1300,854,11.0.0.164,11.0.0.704
1300,854,11.0.0.164,11.0.0.719
1300,854,11.0.0.164,11.0.0.704
1300,854,11.0.0.164,11.0.0.719
1300,854,11.0.0.164,11.0.0.704
1300,855,11.0.0.164,11.0.0.234
1300,855,11.0.0.164,11.0.0.234
1300,855,11.0.0.164,11.0.0.716
1300,855,11.0.0.164,11.0.0.234
1300,856,11.0.0.164,11.0.0.590
1300,857,11.0.0.164,11.0.0.706
1300,857,11.0.0.164,11.0.0.706
1300,858,11.0.0.164,11.0.0.747
1300,858,11.0.0.164,11.0.0.747
1300,858,11.0.0.164,11.0.0.829
1300,858,11.0.0.164,11.0.0.747
1300,858,11.0.0.164,11.0.0.829
1300,860,11.0.0.164,11.0.0.21
1300,860,11.0.0.164,11.0.0.598
1300,860,11.0.0.164,11.0.0.598
1300,864,11.0.0.164,11.0.0.443
1300,864,11.0.0.164,11.0.0.593
1300,864,11.0.0.164,11.0.0.593
1300,866,11.0.0.164,11.0.0.285
1300,866,11.0.0.164,11.0.0.285
1300,867,11.0.0.164,11.0.0.664
1300,867,11.0.0.164,11.0.0.255
1300,867,11.0.0.164,11.0.0.664
1300,867,11.0.0.164,11.0.0.255
1300,870,11.0.0.164,11.0.0.11
1300,870,11.0.0.164,11.0.0.11
1300,870,11.0.0.164,11.0.0.11
1300,871,11.0.0.164,11.0.0.206
1300,871,11.0.0.164,11.0.0.206
1300,871,11.0.0.164,11.0.0.624
1300,871,11.0.0.164,11.0.0.624
1300,871,11.0.0.164,11.0.0.624
1300,872,11.0.0.164,11.0.0.816
1300,872,11.0.0.164,11.0.0.816
1300,873,11.0.0.164,11.0.0.739
1300,873,11.0.0.164,11.0.0.739
1300,873,11.0.0.164,11.0.0.624
1300,873,11.0.0.164,11.0.0.624
1300,873,11.0.0.164,11.0.0.739
1300,874,11.0.0.164,11.0.0.242
1300,874,11.0.0.164,11.0.0.715
1300,874,11.0.0.164,11.0.0.715
1300,875,11.0.0.164,11.0.0.478
1300,875,11.0.0.164,11.0.0.268
1300,876,11.0.0.164,11.0.0.24
1300,876,11.0.0.164,11.0.0.24
1300,876,11.0.0.164,11.0.0.24
1300,877,11.0.0.164,11.0.0.708
1300,877,11.0.0.164,11.0.0.407
1300,877,11.0.0.164,11.0.0.407
1300,877,11.0.0.164,11.0.0.708
1300,877,11.0.0.164,11.0.0.708
1300,878,11.0.0.164,11.0.0.664
1300,878,11.0.0.164,11.0.0.664
1300,878,11.0.0.164,11.0.0.664
1300,879,11.0.0.164,11.0.0.255
1300,879,11.0.0.164,11.0.0.255
1300,881,11.0.0.164,11.0.0.774
1300,881,11.0.0.164,11.0.0.834
1300,881,11.0.0.164,11.0.0.774
1300,881,11.0.0.164,11.0.0.834
1300,881,11.0.0.164,11.0.0.774
1300,883,11.0.0.164,11.0.0.678
1300,883,11.0.0.164,11.0.0.437
1300,883,11.0.0.164,11.0.0.437
1300,884,11.0.0.164,11.0.0.423
1300,884,11.0.0.164,11.0.0.510
1300,884,11.0.0.164,11.0.0.423
1300,884,11.0.0.164,11.0.0.510
1300,884,11.0.0.164,11.0.0.423
1300,886,11.0.0.164,11.0.0.774
1300,886,11.0.0.164,11.0.0.774
1300,886,11.0.0.164,11.0.0.774
1300,887,11.0.0.164,11.0.0.97
1300,887,11.0.0.164,11.0.0.97
1300,889,11.0.0.164,11.0.0.524
1300,889,11.0.0.164,11.0.0.524
1300,891,11.0.0.164,11.0.0.837
1300,891,11.0.0.164,11.0.0.837
1300,892,11.0.0.164,11.0.0.255
1300,892,11.0.0.164,11.0.0.255
1300,894,11.0.0.164,11.0.0.736
1300,894,11.0.0.164,11.0.0.568
1300,894,11.0.0.164,11.0.0.736
1300,895,11.0.0.164,11.0.0.11
1300,896,11.0.0.164,11.0.0.189
1300,896,11.0.0.164,11.0.0.189
1300,896,11.0.0.164,11.0.0.189
1300,897,11.0.0.164,11.0.0.802
1300,897,11.0.0.164,11.0.0.802
1300,901,11.0.0.164,11.0.0.687
1300,901,11.0.0.164,11.0.0.687
1300,901,11.0.0.164,11.0.0.29
1300,901,11.0.0.164,11.0.0.29
1300,901,11.0.0.164,11.0.0.29
1300,902,11.0.0.164,11.0.0.706
1300,902,11.0.0.164,11.0.0.706
1300,902,11.0.0.164,11.0.0.831
1300,902,11.0.0.164,11.0.0.706
1300,905,11.0.0.164,11.0.0.837
1300,905,11.0.0.164,11.0.0.97
1300,906,11.0.0.164,11.0.0.660
1300,906,11.0.0.164,11.0.0.660
1300,906,11.0.0.164,11.0.0.413
1300,906,11.0.0.164,11.0.0.660
1300,909,11.0.0.164,11.0.0.407
1300,909,11.0.0.164,11.0.0.407
1300,909,11.0.0.164,11.0.0.613
1300,912,11.0.0.164,11.0.0.814
1300,912,11.0.0.164,11.0.0.747
1300,912,11.0.0.164,11.0.0.747
1300,912,11.0.0.164,11.0.0.814
1300,912,11.0.0.164,11.0.0.747
1300,912,11.0.0.164,11.0.0.814
1300,915,11.0.0.164,11.0.0.465
1300,917,11.0.0.164,11.0.0.377
1300,917,11.0.0.164,11.0.0.377
1300,918,11.0.0.164,11.0.0.489
1300,918,11.0.0.164,11.0.0.736
1300,918,11.0.0.164,11.0.0.736
1300,918,11.0.0.164,11.0.0.489
1300,923,11.0.0.164,11.0.0.613
1300,923,11.0.0.164,11.0.0.613
1300,923,11.0.0.164,11.0.0.613
1300,924,11.0.0.164,11.0.0.742
1300,924,11.0.0.164,11.0.0.742
1300,925,11.0.0.164,11.0.0.255
1300,925,11.0.0.164,11.0.0.255
1300,926,11.0.0.164,11.0.0.109
1300,926,11.0.0.164,11.0.0.11
1300,926,11.0.0.164,11.0.0.109
1300,926,11.0.0.164,11.0.0.11
1300,926,11.0.0.164,11.0.0.11
1300,927,11.0.0.164,11.0.0.268
1300,927,11.0.0.164,11.0.0.377
1300,927,11.0.0.164,11.0.0.268
1300,927,11.0.0.164,11.0.0.268
1300,927,11.0.0.164,11.0.0.377
1300,928,11.0.0.164,11.0.0.616
1300,928,11.0.0.164,11.0.0.423
1300,928,11.0.0.164,11.0.0.423
1300,928,11.0.0.164,11.0.0.423
1300,928,11.0.0.164,11.0.0.616
1300,928,11.0.0.164,11.0.0.616
1300,929,11.0.0.164,11.0.0.687
1300,929,11.0.0.164,11.0.0.687
1300,929,11.0.0.164,11.0.0.687
1300,929,11.0.0.164,11.0.0.226
1300,929,11.0.0.164,11.0.0.226
1300,930,11.0.0.164,11.0.0.437
1300,930,11.0.0.164,11.0.0.437
1300,930,11.0.0.164,11.0.0.437
1300,930,11.0.0.164,11.0.0.648
1300,930,11.0.0.164,11.0.0.648
1300,930,11.0.0.164,11.0.0.648
1300,933,11.0.0.164,11.0.0.481
1300,933,11.0.0.164,11.0.0.423
1300,933,11.0.0.164,11.0.0.423
1300,933,11.0.0.164,11.0.0.423
1300,934,11.0.0.164,11.0.0.234
1300,934,11.0.0.164,11.0.0.234
1300,934,11.0.0.164,11.0.0.234
1300,935,11.0.0.164,11.0.0.802
1300,935,11.0.0.164,11.0.0.802
1300,935,11.0.0.164,11.0.0.510
1300,935,11.0.0.164,11.0.0.510
1300,936,11.0.0.164,11.0.0.31
1300,936,11.0.0.164,11.0.0.31
1300,938,11.0.0.164,11.0.0.285
1300,938,11.0.0.164,11.0.0.602
1300,938,11.0.0.164,11.0.0.285
1300,938,11.0.0.164,11.0.0.602
1300,938,11.0.0.164,11.0.0.285
1300,939,11.0.0.164,11.0.0.201
1300,939,11.0.0.164,11.0.0.201
1300,944,11.0.0.164,11.0.0.568
1300,944,11.0.0.164,11.0.0.568
1300,944,11.0.0.164,11.0.0.602
1300,945,11.0.0.164,11.0.0.311
1300,945,11.0.0.164,11.0.0.311
1300,945,11.0.0.164,11.0.0.311
1300,946,11.0.0.164,11.0.0.718
1300,946,11.0.0.164,11.0.0.746
1300,946,11.0.0.164,11.0.0.746
1300,949,11.0.0.164,11.0.0.443
1300,949,11.0.0.164,11.0.0.443
1300,949,11.0.0.164,11.0.0.443
1300,949,11.0.0.164,11.0.0.311
1300,949,11.0.0.164,11.0.0.311
1300,950,11.0.0.164,11.0.0.478
1300,950,11.0.0.164,11.0.0.343
1300,950,11.0.0.164,11.0.0.343
1300,950,11.0.0.164,11.0.0.478
1300,952,11.0.0.164,11.0.0.678
1300,952,11.0.0.164,11.0.0.678
1300,952,11.0.0.164,11.0.0.590
1300,953,11.0.0.164,11.0.0.590
1300,953,11.0.0.164,11.0.0.47
1300,953,11.0.0.164,11.0.0.590
1300,954,11.0.0.164,11.0.0.171
1300,954,11.0.0.164,11.0.0.171
1300,954,11.0.0.164,11.0.0.171
1300,956,11.0.0.164,11.0.0.400
1300,960,11.0.0.164,11.0.0.814
1300,960,11.0.0.164,11.0.0.814
1300,961,11.0.0.164,11.0.0.736
1300,961,11.0.0.164,11.0.0.736
1300,961,11.0.0.164,11.0.0.736
1300,961,11.0.0.164,11.0.0.501
1300,963,11.0.0.164,11.0.0.109
1300,963,11.0.0.164,11.0.0.109
1300,965,11.0.0.164,11.0.0.347
1300,965,11.0.0.164,11.0.0.17
1300,965,11.0.0.164,11.0.0.17
1300,965,11.0.0.164,11.0.0.17
1300,965,11.0.0.164,11.0.0.347
1300,965,11.0.0.164,11.0.0.347
1300,966,11.0.0.164,11.0.0.602
1300,968,11.0.0.164,11.0.0.678
1300,968,11.0.0.164,11.0.0.678
1300,968,11.0.0.164,11.0.0.678
1300,970,11.0.0.164,11.0.0.708
1300,970,11.0.0.164,11.0.0.341
1300,970,11.0.0.164,11.0.0.708
1300,971,11.0.0.164,11.0.0.248
1300,971,11.0.0.164,11.0.0.248
1300,973,11.0.0.164,11.0.0.92
1300,973,11.0.0.164,11.0.0.92
1300,974,11.0.0.164,11.0.0.773
1300,974,11.0.0.164,11.0.0.478
1300,974,11.0.0.164,11.0.0.478
1300,974,11.0.0.164,11.0.0.773
1300,974,11.0.0.164,11.0.0.478
1300,975,11.0.0.164,11.0.0.29
1300,975,11.0.0.164,11.0.0.29
1300,975,11.0.0.164,11.0.0.29
1300,976,11.0.0.164,11.0.0.626
1300,976,11.0.0.164,11.0.0.626
1300,976,11.0.0.164,11.0.0.691
1300,977,11.0.0.164,11.0.0.626
1300,977,11.0.0.164,11.0.0.626
1300,977,11.0.0.164,11.0.0.626
1300,979,11.0.0.164,11.0.0.463
1300,980,11.0.0.164,11.0.0.341
1300,980,11.0.0.164,11.0.0.341
1300,981,11.0.0.164,11.0.0.402
1300,981,11.0.0.164,11.0.0.234
1300,983,11.0.0.164,11.0.0.802
1300,983,11.0.0.164,11.0.0.802
1300,986,11.0.0.164,11.0.0.478
1300,986,11.0.0.164,11.0.0.843
1300,986,11.0.0.164,11.0.0.478
1300,986,11.0.0.164,11.0.0.478
1300,988,11.0.0.164,11.0.0.242
1300,989,11.0.0.164,11.0.0.626
1300,989,11.0.0.164,11.0.0.626
1300,989,11.0.0.164,11.0.0.626
1300,990,11.0.0.164,11.0.0.834
1300,990,11.0.0.164,11.0.0.672
1300,990,11.0.0.164,11.0.0.672
1300,990,11.0.0.164,11.0.0.834
1300,992,11.0.0.164,11.0.0.29
1300,992,11.0.0.164,11.0.0.29
1300,993,11.0.0.164,11.0.0.524
1300,993,11.0.0.164,11.0.0.263
1300,993,11.0.0.164,11.0.0.524
1300,995,11.0.0.164,11.0.0.683
1300,996,11.0.0.164,11.0.0.664
1300,996,11.0.0.164,11.0.0.664
1300,996,11.0.0.164,11.0.0.255
1300,996,11.0.0.164,11.0.0.664
1300,996,11.0.0.164,11.0.0.255
1300,998,11.0.0.164,11.0.0.524
1300,998,11.0.0.164,11.0.0.524
1300,998,11.0.0.164,11.0.0.648
