1300,0,11.0.0.760,11.0.0.574
1300,0,11.0.0.760,11.0.0.574
1300,0,11.0.0.760,11.0.0.574
1300,3,11.0.0.760,11.0.0.793
1300,3,11.0.0.760,11.0.0.822
1300,3,11.0.0.760,11.0.0.822
1300,4,11.0.0.760,11.0.0.822
1300,4,11.0.0.760,11.0.0.822
1300,4,11.0.0.760,11.0.0.822
1300,5,11.0.0.760,11.0.0.535
1300,5,11.0.0.760,11.0.0.535
1300,5,11.0.0.760,11.0.0.535
1300,6,11.0.0.760,11.0.0.188
1300,6,11.0.0.760,11.0.0.188
1300,6,11.0.0.760,11.0.0.188
1300,11,11.0.0.760,11.0.0.116
1300,11,11.0.0.760,11.0.0.116
1300,11,11.0.0.760,11.0.0.59
1300,12,11.0.0.760,11.0.0.104
1300,12,11.0.0.760,11.0.0.104
1300,12,11.0.0.760,11.0.0.19
1300,13,11.0.0.760,11.0.0.355
1300,13,11.0.0.760,11.0.0.367
1300,13,11.0.0.760,11.0.0.355
1300,13,11.0.0.760,11.0.0.355
1300,14,11.0.0.760,11.0.0.315
1300,14,11.0.0.760,11.0.0.31
1300,14,11.0.0.760,11.0.0.31
1300,14,11.0.0.760,11.0.0.315
1300,14,11.0.0.760,11.0.0.31
1300,15,11.0.0.760,11.0.0.733
1300,15,11.0.0.760,11.0.0.733
1300,16,11.0.0.760,11.0.0.578
1300,16,11.0.0.760,11.0.0.304
1300,16,11.0.0.760,11.0.0.304
1300,17,11.0.0.760,11.0.0.707
1300,17,11.0.0.760,11.0.0.707
1300,17,11.0.0.760,11.0.0.707
1300,18,11.0.0.760,11.0.0.944
1300,18,11.0.0.760,11.0.0.944
1300,18,11.0.0.760,11.0.0.944
1300,19,11.0.0.760,11.0.0.457
1300,19,11.0.0.760,11.0.0.457
1300,21,11.0.0.760,11.0.0.457
1300,21,11.0.0.760,11.0.0.409
1300,21,11.0.0.760,11.0.0.457
1300,21,11.0.0.760,11.0.0.409
1300,21,11.0.0.760,11.0.0.457
1300,23,11.0.0.760,11.0.0.313
1300,24,11.0.0.760,11.0.0.168
1300,24,11.0.0.760,11.0.0.168
1300,24,11.0.0.760,11.0.0.168
1300,25,11.0.0.760,11.0.0.946
1300,25,11.0.0.760,11.0.0.946
1300,25,11.0.0.760,11.0.0.946
1300,25,11.0.0.760,11.0.0.559
1300,26,11.0.0.760,11.0.0.355
1300,26,11.0.0.760,11.0.0.355
1300,27,11.0.0.760,11.0.0.405
1300,27,11.0.0.760,11.0.0.574
1300,27,11.0.0.760,11.0.0.574
1300,27,11.0.0.760,11.0.0.405
1300,28,11.0.0.760,11.0.0.798
1300,28,11.0.0.760,11.0.0.315
1300,28,11.0.0.760,11.0.0.798
1300,28,11.0.0.760,11.0.0.315
1300,30,11.0.0.760,11.0.0.392
1300,30,11.0.0.760,11.0.0.114
1300,30,11.0.0.760,11.0.0.392
1300,31,11.0.0.760,11.0.0.238
1300,31,11.0.0.760,11.0.0.238
1300,34,11.0.0.760,11.0.0.223
1300,34,11.0.0.760,11.0.0.223
1300,34,11.0.0.760,11.0.0.223
1300,34,11.0.0.760,11.0.0.574
1300,34,11.0.0.760,11.0.0.574
1300,34,11.0.0.760,11.0.0.574
1300,37,11.0.0.760,11.0.0.315
1300,37,11.0.0.760,11.0.0.262
1300,37,11.0.0.760,11.0.0.262
1300,41,11.0.0.760,11.0.0.559
1300,41,11.0.0.760,11.0.0.559
1300,41,11.0.0.760,11.0.0.559
1300,42,11.0.0.760,11.0.0.183
1300,42,11.0.0.760,11.0.0.183
1300,42,11.0.0.760,11.0.0.183
1300,44,11.0.0.760,11.0.0.795
1300,44,11.0.0.760,11.0.0.406
1300,44,11.0.0.760,11.0.0.406
1300,46,11.0.0.760,11.0.0.488
1300,46,11.0.0.760,11.0.0.488
1300,47,11.0.0.760,11.0.0.86
1300,47,11.0.0.760,11.0.0.86
1300,47,11.0.0.760,11.0.0.86
1300,48,11.0.0.760,11.0.0.305
1300,48,11.0.0.760,11.0.0.305
1300,49,11.0.0.760,11.0.0.175
1300,49,11.0.0.760,11.0.0.175
1300,51,11.0.0.760,11.0.0.386
1300,51,11.0.0.760,11.0.0.116
1300,51,11.0.0.760,11.0.0.116
1300,52,11.0.0.760,11.0.0.795
1300,52,11.0.0.760,11.0.0.795
1300,53,11.0.0.760,11.0.0.188
1300,53,11.0.0.760,11.0.0.31
1300,53,11.0.0.760,11.0.0.31
1300,53,11.0.0.760,11.0.0.188
1300,55,11.0.0.760,11.0.0.405
1300,55,11.0.0.760,11.0.0.913
1300,55,11.0.0.760,11.0.0.913
1300,56,11.0.0.760,11.0.0.5
1300,56,11.0.0.760,11.0.0.5
1300,58,11.0.0.760,11.0.0.86
1300,58,11.0.0.760,11.0.0.86
1300,58,11.0.0.760,11.0.0.299
1300,58,11.0.0.760,11.0.0.299
1300,60,11.0.0.760,11.0.0.558
1300,60,11.0.0.760,11.0.0.558
1300,60,11.0.0.760,11.0.0.188
1300,60,11.0.0.760,11.0.0.188
1300,61,11.0.0.760,11.0.0.402
1300,61,11.0.0.760,11.0.0.402
1300,63,11.0.0.760,11.0.0.376
1300,63,11.0.0.760,11.0.0.376
1300,67,11.0.0.760,11.0.0.756
1300,67,11.0.0.760,11.0.0.756
1300,67,11.0.0.760,11.0.0.756
1300,69,11.0.0.760,11.0.0.825
1300,69,11.0.0.760,11.0.0.825
1300,69,11.0.0.760,11.0.0.825
1300,69,11.0.0.760,11.0.0.481
1300,69,11.0.0.760,11.0.0.481
1300,70,11.0.0.760,11.0.0.886
1300,70,11.0.0.760,11.0.0.5
1300,70,11.0.0.760,11.0.0.886
1300,70,11.0.0.760,11.0.0.5
1300,70,11.0.0.760,11.0.0.886
1300,72,11.0.0.760,11.0.0.402
1300,72,11.0.0.760,11.0.0.402
1300,73,11.0.0.760,11.0.0.286
1300,73,11.0.0.760,11.0.0.286
1300,73,11.0.0.760,11.0.0.578
1300,73,11.0.0.760,11.0.0.578
1300,75,11.0.0.760,11.0.0.402
1300,75,11.0.0.760,11.0.0.402
1300,75,11.0.0.760,11.0.0.402
1300,76,11.0.0.760,11.0.0.402
1300,76,11.0.0.760,11.0.0.402
1300,77,11.0.0.760,11.0.0.481
1300,77,11.0.0.760,11.0.0.481
1300,78,11.0.0.760,11.0.0.460
1300,78,11.0.0.760,11.0.0.460
1300,78,11.0.0.760,11.0.0.558
1300,78,11.0.0.760,11.0.0.558
1300,79,11.0.0.760,11.0.0.756
1300,79,11.0.0.760,11.0.0.756
1300,79,11.0.0.760,11.0.0.756
1300,79,11.0.0.760,11.0.0.795
1300,79,11.0.0.760,11.0.0.795
1300,81,11.0.0.760,11.0.0.457
1300,82,11.0.0.760,11.0.0.917
1300,82,11.0.0.760,11.0.0.917
1300,84,11.0.0.760,11.0.0.740
1300,84,11.0.0.760,11.0.0.705
1300,84,11.0.0.760,11.0.0.740
1300,84,11.0.0.760,11.0.0.740
1300,84,11.0.0.760,11.0.0.705
1300,85,11.0.0.760,11.0.0.892
1300,85,11.0.0.760,11.0.0.892
1300,85,11.0.0.760,11.0.0.315
1300,85,11.0.0.760,11.0.0.315
1300,86,11.0.0.760,11.0.0.618
1300,87,11.0.0.760,11.0.0.740
1300,87,11.0.0.760,11.0.0.234
1300,87,11.0.0.760,11.0.0.740
1300,87,11.0.0.760,11.0.0.234
1300,88,11.0.0.760,11.0.0.618
1300,88,11.0.0.760,11.0.0.618
1300,88,11.0.0.760,11.0.0.618
1300,89,11.0.0.760,11.0.0.409
1300,89,11.0.0.760,11.0.0.409
1300,91,11.0.0.760,11.0.0.402
1300,94,11.0.0.760,11.0.0.706
1300,94,11.0.0.760,11.0.0.706
1300,94,11.0.0.760,11.0.0.706
1300,94,11.0.0.760,11.0.0.19
1300,95,11.0.0.760,11.0.0.917
1300,95,11.0.0.760,11.0.0.917
1300,96,11.0.0.760,11.0.0.740
1300,96,11.0.0.760,11.0.0.578
1300,96,11.0.0.760,11.0.0.740
1300,96,11.0.0.760,11.0.0.578
1300,97,11.0.0.760,11.0.0.286
1300,97,11.0.0.760,11.0.0.754
1300,97,11.0.0.760,11.0.0.286
1300,97,11.0.0.760,11.0.0.754
1300,97,11.0.0.760,11.0.0.754
1300,97,11.0.0.760,11.0.0.286
1300,98,11.0.0.760,11.0.0.879
1300,98,11.0.0.760,11.0.0.879
1300,98,11.0.0.760,11.0.0.879
1300,100,11.0.0.760,11.0.0.234
1300,101,11.0.0.760,11.0.0.477
1300,101,11.0.0.760,11.0.0.477
1300,101,11.0.0.760,11.0.0.477
1300,102,11.0.0.760,11.0.0.94
1300,102,11.0.0.760,11.0.0.94
1300,102,11.0.0.760,11.0.0.315
1300,102,11.0.0.760,11.0.0.315
1300,102,11.0.0.760,11.0.0.315
1300,105,11.0.0.760,11.0.0.38
1300,105,11.0.0.760,11.0.0.38
1300,105,11.0.0.760,11.0.0.262
1300,106,11.0.0.760,11.0.0.733
1300,106,11.0.0.760,11.0.0.39
1300,106,11.0.0.760,11.0.0.39
1300,106,11.0.0.760,11.0.0.39
1300,108,11.0.0.760,11.0.0.439
1300,108,11.0.0.760,11.0.0.89
1300,108,11.0.0.760,11.0.0.439
1300,108,11.0.0.760,11.0.0.439
1300,108,11.0.0.760,11.0.0.89
1300,108,11.0.0.760,11.0.0.89
1300,110,11.0.0.760,11.0.0.754
1300,110,11.0.0.760,11.0.0.892
1300,110,11.0.0.760,11.0.0.754
1300,110,11.0.0.760,11.0.0.754
1300,110,11.0.0.760,11.0.0.892
1300,111,11.0.0.760,11.0.0.315
1300,111,11.0.0.760,11.0.0.59
1300,111,11.0.0.760,11.0.0.59
1300,112,11.0.0.760,11.0.0.123
1300,112,11.0.0.760,11.0.0.602
1300,112,11.0.0.760,11.0.0.123
1300,112,11.0.0.760,11.0.0.602
1300,115,11.0.0.760,11.0.0.891
1300,115,11.0.0.760,11.0.0.649
1300,118,11.0.0.760,11.0.0.58
1300,120,11.0.0.760,11.0.0.19
1300,120,11.0.0.760,11.0.0.19
1300,120,11.0.0.760,11.0.0.19
1300,124,11.0.0.760,11.0.0.209
1300,124,11.0.0.760,11.0.0.314
1300,124,11.0.0.760,11.0.0.314
1300,124,11.0.0.760,11.0.0.314
1300,124,11.0.0.760,11.0.0.209
1300,125,11.0.0.760,11.0.0.892
1300,125,11.0.0.760,11.0.0.892
1300,125,11.0.0.760,11.0.0.496
1300,125,11.0.0.760,11.0.0.496
1300,126,11.0.0.760,11.0.0.246
1300,126,11.0.0.760,11.0.0.879
1300,126,11.0.0.760,11.0.0.879
1300,126,11.0.0.760,11.0.0.246
1300,126,11.0.0.760,11.0.0.246
1300,127,11.0.0.760,11.0.0.461
1300,127,11.0.0.760,11.0.0.229
1300,127,11.0.0.760,11.0.0.461
1300,127,11.0.0.760,11.0.0.461
1300,128,11.0.0.760,11.0.0.50
1300,128,11.0.0.760,11.0.0.50
1300,128,11.0.0.760,11.0.0.886
1300,128,11.0.0.760,11.0.0.886
1300,131,11.0.0.760,11.0.0.262
1300,131,11.0.0.760,11.0.0.262
1300,131,11.0.0.760,11.0.0.386
1300,132,11.0.0.760,11.0.0.555
1300,133,11.0.0.760,11.0.0.299
1300,133,11.0.0.760,11.0.0.618
1300,133,11.0.0.760,11.0.0.618
1300,134,11.0.0.760,11.0.0.756
1300,134,11.0.0.760,11.0.0.756
1300,134,11.0.0.760,11.0.0.944
1300,134,11.0.0.760,11.0.0.944
1300,135,11.0.0.760,11.0.0.168
1300,135,11.0.0.760,11.0.0.168
1300,135,11.0.0.760,11.0.0.168
1300,136,11.0.0.760,11.0.0.286
1300,136,11.0.0.760,11.0.0.286
1300,136,11.0.0.760,11.0.0.286
1300,136,11.0.0.760,11.0.0.886
1300,137,11.0.0.760,11.0.0.116
1300,138,11.0.0.760,11.0.0.229
1300,138,11.0.0.760,11.0.0.579
1300,138,11.0.0.760,11.0.0.579
1300,138,11.0.0.760,11.0.0.579
1300,138,11.0.0.760,11.0.0.229
1300,140,11.0.0.760,11.0.0.19
1300,140,11.0.0.760,11.0.0.19
1300,141,11.0.0.760,11.0.0.339
1300,141,11.0.0.760,11.0.0.223
1300,141,11.0.0.760,11.0.0.223
1300,141,11.0.0.760,11.0.0.339
1300,141,11.0.0.760,11.0.0.223
1300,142,11.0.0.760,11.0.0.376
1300,142,11.0.0.760,11.0.0.376
1300,142,11.0.0.760,11.0.0.376
1300,144,11.0.0.760,11.0.0.386
1300,145,11.0.0.760,11.0.0.32
1300,145,11.0.0.760,11.0.0.795
1300,145,11.0.0.760,11.0.0.32
1300,145,11.0.0.760,11.0.0.795
1300,146,11.0.0.760,11.0.0.151
1300,146,11.0.0.760,11.0.0.151
1300,147,11.0.0.760,11.0.0.825
1300,150,11.0.0.760,11.0.0.39
1300,151,11.0.0.760,11.0.0.555
1300,151,11.0.0.760,11.0.0.913
1300,151,11.0.0.760,11.0.0.913
1300,153,11.0.0.760,11.0.0.611
1300,153,11.0.0.760,11.0.0.115
1300,153,11.0.0.760,11.0.0.611
1300,153,11.0.0.760,11.0.0.115
1300,154,11.0.0.760,11.0.0.229
1300,154,11.0.0.760,11.0.0.229
1300,154,11.0.0.760,11.0.0.229
1300,154,11.0.0.760,11.0.0.39
1300,155,11.0.0.760,11.0.0.183
1300,155,11.0.0.760,11.0.0.183
1300,155,11.0.0.760,11.0.0.299
1300,155,11.0.0.760,11.0.0.299
1300,157,11.0.0.760,11.0.0.535
1300,157,11.0.0.760,11.0.0.58
1300,157,11.0.0.760,11.0.0.58
1300,157,11.0.0.760,11.0.0.58
1300,157,11.0.0.760,11.0.0.535
1300,157,11.0.0.760,11.0.0.535
1300,158,11.0.0.760,11.0.0.114
1300,158,11.0.0.760,11.0.0.114
1300,158,11.0.0.760,11.0.0.114
1300,158,11.0.0.760,11.0.0.859
1300,158,11.0.0.760,11.0.0.859
1300,160,11.0.0.760,11.0.0.460
1300,160,11.0.0.760,11.0.0.913
1300,160,11.0.0.760,11.0.0.913
1300,160,11.0.0.760,11.0.0.913
1300,163,11.0.0.760,11.0.0.116
1300,163,11.0.0.760,11.0.0.116
1300,165,11.0.0.760,11.0.0.38
1300,165,11.0.0.760,11.0.0.38
1300,166,11.0.0.760,11.0.0.393
1300,166,11.0.0.760,11.0.0.376
1300,166,11.0.0.760,11.0.0.393
1300,166,11.0.0.760,11.0.0.376
1300,168,11.0.0.760,11.0.0.123
1300,168,11.0.0.760,11.0.0.262
1300,168,11.0.0.760,11.0.0.262
1300,168,11.0.0.760,11.0.0.262
1300,169,11.0.0.760,11.0.0.825
1300,169,11.0.0.760,11.0.0.825
1300,169,11.0.0.760,11.0.0.825
1300,172,11.0.0.760,11.0.0.104
1300,172,11.0.0.760,11.0.0.104
1300,172,11.0.0.760,11.0.0.104
1300,173,11.0.0.760,11.0.0.86
1300,173,11.0.0.760,11.0.0.115
1300,173,11.0.0.760,11.0.0.115
1300,173,11.0.0.760,11.0.0.115
1300,173,11.0.0.760,11.0.0.86
1300,174,11.0.0.760,11.0.0.58
1300,174,11.0.0.760,11.0.0.58
1300,175,11.0.0.760,11.0.0.114
1300,175,11.0.0.760,11.0.0.891
1300,175,11.0.0.760,11.0.0.114
1300,175,11.0.0.760,11.0.0.114
1300,175,11.0.0.760,11.0.0.891
1300,176,11.0.0.760,11.0.0.466
1300,176,11.0.0.760,11.0.0.466
1300,177,11.0.0.760,11.0.0.618
1300,179,11.0.0.760,11.0.0.910
1300,179,11.0.0.760,11.0.0.565
1300,179,11.0.0.760,11.0.0.910
1300,179,11.0.0.760,11.0.0.565
1300,181,11.0.0.760,11.0.0.183
1300,181,11.0.0.760,11.0.0.183
1300,182,11.0.0.760,11.0.0.825
1300,183,11.0.0.760,11.0.0.740
1300,183,11.0.0.760,11.0.0.740
1300,183,11.0.0.760,11.0.0.740
1300,184,11.0.0.760,11.0.0.305
1300,184,11.0.0.760,11.0.0.305
1300,184,11.0.0.760,11.0.0.305
1300,186,11.0.0.760,11.0.0.771
1300,186,11.0.0.760,11.0.0.771
1300,186,11.0.0.760,11.0.0.846
1300,186,11.0.0.760,11.0.0.846
1300,186,11.0.0.760,11.0.0.771
1300,187,11.0.0.760,11.0.0.793
1300,187,11.0.0.760,11.0.0.867
1300,187,11.0.0.760,11.0.0.793
1300,187,11.0.0.760,11.0.0.793
1300,188,11.0.0.760,11.0.0.223
1300,188,11.0.0.760,11.0.0.223
1300,188,11.0.0.760,11.0.0.223
1300,191,11.0.0.760,11.0.0.793
1300,191,11.0.0.760,11.0.0.793
1300,191,11.0.0.760,11.0.0.392
1300,191,11.0.0.760,11.0.0.392
1300,193,11.0.0.760,11.0.0.574
1300,193,11.0.0.760,11.0.0.579
1300,193,11.0.0.760,11.0.0.574
1300,193,11.0.0.760,11.0.0.579
1300,194,11.0.0.760,11.0.0.151
1300,194,11.0.0.760,11.0.0.94
1300,194,11.0.0.760,11.0.0.151
1300,194,11.0.0.760,11.0.0.151
1300,196,11.0.0.760,11.0.0.795
1300,196,11.0.0.760,11.0.0.795
1300,196,11.0.0.760,11.0.0.439
1300,196,11.0.0.760,11.0.0.795
1300,198,11.0.0.760,11.0.0.183
1300,198,11.0.0.760,11.0.0.915
1300,198,11.0.0.760,11.0.0.183
1300,198,11.0.0.760,11.0.0.915
1300,198,11.0.0.760,11.0.0.183
1300,199,11.0.0.760,11.0.0.409
1300,199,11.0.0.760,11.0.0.114
1300,199,11.0.0.760,11.0.0.409
1300,199,11.0.0.760,11.0.0.114
1300,200,11.0.0.760,11.0.0.481
1300,200,11.0.0.760,11.0.0.481
1300,201,11.0.0.760,11.0.0.89
1300,202,11.0.0.760,11.0.0.339
1300,202,11.0.0.760,11.0.0.339
1300,202,11.0.0.760,11.0.0.339
1300,203,11.0.0.760,11.0.0.611
1300,203,11.0.0.760,11.0.0.611
1300,203,11.0.0.760,11.0.0.386
1300,203,11.0.0.760,11.0.0.611
1300,203,11.0.0.760,11.0.0.386
1300,205,11.0.0.760,11.0.0.618
1300,205,11.0.0.760,11.0.0.618
1300,206,11.0.0.760,11.0.0.460
1300,206,11.0.0.760,11.0.0.798
1300,206,11.0.0.760,11.0.0.460
1300,207,11.0.0.760,11.0.0.807
1300,207,11.0.0.760,11.0.0.807
1300,209,11.0.0.760,11.0.0.104
1300,209,11.0.0.760,11.0.0.558
1300,209,11.0.0.760,11.0.0.104
1300,209,11.0.0.760,11.0.0.558
1300,209,11.0.0.760,11.0.0.558
1300,210,11.0.0.760,11.0.0.946
1300,210,11.0.0.760,11.0.0.299
1300,210,11.0.0.760,11.0.0.946
1300,212,11.0.0.760,11.0.0.58
1300,212,11.0.0.760,11.0.0.239
1300,212,11.0.0.760,11.0.0.58
1300,212,11.0.0.760,11.0.0.239
1300,212,11.0.0.760,11.0.0.239
1300,213,11.0.0.760,11.0.0.611
1300,213,11.0.0.760,11.0.0.611
1300,213,11.0.0.760,11.0.0.611
1300,214,11.0.0.760,11.0.0.223
1300,214,11.0.0.760,11.0.0.536
1300,214,11.0.0.760,11.0.0.536
1300,214,11.0.0.760,11.0.0.223
1300,214,11.0.0.760,11.0.0.223
1300,215,11.0.0.760,11.0.0.559
1300,216,11.0.0.760,11.0.0.5
1300,216,11.0.0.760,11.0.0.5
1300,216,11.0.0.760,11.0.0.5
1300,217,11.0.0.760,11.0.0.89
1300,218,11.0.0.760,11.0.0.144
1300,218,11.0.0.760,11.0.0.536
1300,218,11.0.0.760,11.0.0.536
1300,218,11.0.0.760,11.0.0.144
1300,220,11.0.0.760,11.0.0.89
1300,220,11.0.0.760,11.0.0.89
1300,223,11.0.0.760,11.0.0.640
1300,223,11.0.0.760,11.0.0.313
1300,223,11.0.0.760,11.0.0.313
1300,223,11.0.0.760,11.0.0.313
1300,223,11.0.0.760,11.0.0.640
1300,224,11.0.0.760,11.0.0.238
1300,224,11.0.0.760,11.0.0.209
1300,227,11.0.0.760,11.0.0.314
1300,227,11.0.0.760,11.0.0.314
1300,227,11.0.0.760,11.0.0.665
1300,227,11.0.0.760,11.0.0.314
1300,227,11.0.0.760,11.0.0.665
1300,227,11.0.0.760,11.0.0.665
1300,228,11.0.0.760,11.0.0.457
1300,228,11.0.0.760,11.0.0.457
1300,228,11.0.0.760,11.0.0.457
1300,229,11.0.0.760,11.0.0.461
1300,229,11.0.0.760,11.0.0.886
1300,229,11.0.0.760,11.0.0.886
1300,229,11.0.0.760,11.0.0.461
1300,229,11.0.0.760,11.0.0.886
1300,230,11.0.0.760,11.0.0.223
1300,230,11.0.0.760,11.0.0.223
1300,233,11.0.0.760,11.0.0.488
1300,233,11.0.0.760,11.0.0.488
1300,234,11.0.0.760,11.0.0.563
1300,234,11.0.0.760,11.0.0.585
1300,234,11.0.0.760,11.0.0.563
1300,234,11.0.0.760,11.0.0.585
1300,235,11.0.0.760,11.0.0.461
1300,235,11.0.0.760,11.0.0.461
1300,238,11.0.0.760,11.0.0.565
1300,238,11.0.0.760,11.0.0.565
1300,238,11.0.0.760,11.0.0.565
1300,239,11.0.0.760,11.0.0.741
1300,239,11.0.0.760,11.0.0.741
1300,240,11.0.0.760,11.0.0.585
1300,241,11.0.0.760,11.0.0.238
1300,241,11.0.0.760,11.0.0.238
1300,241,11.0.0.760,11.0.0.238
1300,241,11.0.0.760,11.0.0.154
1300,241,11.0.0.760,11.0.0.154
1300,242,11.0.0.760,11.0.0.579
1300,242,11.0.0.760,11.0.0.754
1300,242,11.0.0.760,11.0.0.579
1300,242,11.0.0.760,11.0.0.754
1300,242,11.0.0.760,11.0.0.754
1300,244,11.0.0.760,11.0.0.209
1300,244,11.0.0.760,11.0.0.209
1300,244,11.0.0.760,11.0.0.209
1300,245,11.0.0.760,11.0.0.234
1300,245,11.0.0.760,11.0.0.913
1300,246,11.0.0.760,11.0.0.879
1300,246,11.0.0.760,11.0.0.879
1300,246,11.0.0.760,11.0.0.879
1300,247,11.0.0.760,11.0.0.232
1300,247,11.0.0.760,11.0.0.232
1300,248,11.0.0.760,11.0.0.315
1300,248,11.0.0.760,11.0.0.461
1300,248,11.0.0.760,11.0.0.461
1300,248,11.0.0.760,11.0.0.315
1300,248,11.0.0.760,11.0.0.461
1300,249,11.0.0.760,11.0.0.286
1300,249,11.0.0.760,11.0.0.461
1300,249,11.0.0.760,11.0.0.286
1300,249,11.0.0.760,11.0.0.286
1300,250,11.0.0.760,11.0.0.946
1300,250,11.0.0.760,11.0.0.946
1300,250,11.0.0.760,11.0.0.346
1300,250,11.0.0.760,11.0.0.346
1300,252,11.0.0.760,11.0.0.733
1300,252,11.0.0.760,11.0.0.733
1300,252,11.0.0.760,11.0.0.733
1300,253,11.0.0.760,11.0.0.406
1300,253,11.0.0.760,11.0.0.406
1300,254,11.0.0.760,11.0.0.104
1300,257,11.0.0.760,11.0.0.58
1300,257,11.0.0.760,11.0.0.58
1300,257,11.0.0.760,11.0.0.32
1300,257,11.0.0.760,11.0.0.32
1300,257,11.0.0.760,11.0.0.58
1300,258,11.0.0.760,11.0.0.439
1300,258,11.0.0.760,11.0.0.439
1300,258,11.0.0.760,11.0.0.662
1300,259,11.0.0.760,11.0.0.238
1300,259,11.0.0.760,11.0.0.238
1300,259,11.0.0.760,11.0.0.238
1300,260,11.0.0.760,11.0.0.662
1300,260,11.0.0.760,11.0.0.771
1300,260,11.0.0.760,11.0.0.662
1300,260,11.0.0.760,11.0.0.771
1300,261,11.0.0.760,11.0.0.104
1300,261,11.0.0.760,11.0.0.104
1300,262,11.0.0.760,11.0.0.23
1300,262,11.0.0.760,11.0.0.23
1300,263,11.0.0.760,11.0.0.94
1300,263,11.0.0.760,11.0.0.555
1300,263,11.0.0.760,11.0.0.555
1300,263,11.0.0.760,11.0.0.94
1300,263,11.0.0.760,11.0.0.94
1300,264,11.0.0.760,11.0.0.662
1300,264,11.0.0.760,11.0.0.286
1300,264,11.0.0.760,11.0.0.286
1300,264,11.0.0.760,11.0.0.286
1300,264,11.0.0.760,11.0.0.662
1300,264,11.0.0.760,11.0.0.662
1300,266,11.0.0.760,11.0.0.670
1300,266,11.0.0.760,11.0.0.670
1300,266,11.0.0.760,11.0.0.670
1300,267,11.0.0.760,11.0.0.536
1300,267,11.0.0.760,11.0.0.536
1300,267,11.0.0.760,11.0.0.89
1300,267,11.0.0.760,11.0.0.536
1300,268,11.0.0.760,11.0.0.565
1300,268,11.0.0.760,11.0.0.565
1300,268,11.0.0.760,11.0.0.565
1300,268,11.0.0.760,11.0.0.867
1300,269,11.0.0.760,11.0.0.339
1300,269,11.0.0.760,11.0.0.339
1300,269,11.0.0.760,11.0.0.706
1300,269,11.0.0.760,11.0.0.339
1300,270,11.0.0.760,11.0.0.406
1300,270,11.0.0.760,11.0.0.405
1300,270,11.0.0.760,11.0.0.406
1300,270,11.0.0.760,11.0.0.405
1300,270,11.0.0.760,11.0.0.405
1300,273,11.0.0.760,11.0.0.144
1300,273,11.0.0.760,11.0.0.123
1300,273,11.0.0.760,11.0.0.144
1300,274,11.0.0.760,11.0.0.477
1300,274,11.0.0.760,11.0.0.477
1300,274,11.0.0.760,11.0.0.477
1300,276,11.0.0.760,11.0.0.640
1300,278,11.0.0.760,11.0.0.346
1300,278,11.0.0.760,11.0.0.346
1300,279,11.0.0.760,11.0.0.825
1300,279,11.0.0.760,11.0.0.825
1300,280,11.0.0.760,11.0.0.38
1300,280,11.0.0.760,11.0.0.38
1300,280,11.0.0.760,11.0.0.38
1300,281,11.0.0.760,11.0.0.891
1300,281,11.0.0.760,11.0.0.891
1300,283,11.0.0.760,11.0.0.705
1300,283,11.0.0.760,11.0.0.705
1300,283,11.0.0.760,11.0.0.947
1300,284,11.0.0.760,11.0.0.892
1300,284,11.0.0.760,11.0.0.19
1300,288,11.0.0.760,11.0.0.807
1300,288,11.0.0.760,11.0.0.807
1300,288,11.0.0.760,11.0.0.807
1300,290,11.0.0.760,11.0.0.223
1300,290,11.0.0.760,11.0.0.273
1300,290,11.0.0.760,11.0.0.223
1300,290,11.0.0.760,11.0.0.273
1300,290,11.0.0.760,11.0.0.223
1300,291,11.0.0.760,11.0.0.793
1300,291,11.0.0.760,11.0.0.392
1300,291,11.0.0.760,11.0.0.793
1300,291,11.0.0.760,11.0.0.392
1300,291,11.0.0.760,11.0.0.392
1300,291,11.0.0.760,11.0.0.793
1300,292,11.0.0.760,11.0.0.234
1300,292,11.0.0.760,11.0.0.234
1300,293,11.0.0.760,11.0.0.154
1300,293,11.0.0.760,11.0.0.94
1300,293,11.0.0.760,11.0.0.154
1300,293,11.0.0.760,11.0.0.94
1300,293,11.0.0.760,11.0.0.94
1300,295,11.0.0.760,11.0.0.640
1300,295,11.0.0.760,11.0.0.640
1300,296,11.0.0.760,11.0.0.299
1300,296,11.0.0.760,11.0.0.488
1300,296,11.0.0.760,11.0.0.299
1300,296,11.0.0.760,11.0.0.299
1300,298,11.0.0.760,11.0.0.771
1300,298,11.0.0.760,11.0.0.585
1300,298,11.0.0.760,11.0.0.585
1300,298,11.0.0.760,11.0.0.585
1300,300,11.0.0.760,11.0.0.38
1300,300,11.0.0.760,11.0.0.38
1300,300,11.0.0.760,11.0.0.38
1300,300,11.0.0.760,11.0.0.367
1300,301,11.0.0.760,11.0.0.563
1300,301,11.0.0.760,11.0.0.488
1300,301,11.0.0.760,11.0.0.488
1300,301,11.0.0.760,11.0.0.563
1300,302,11.0.0.760,11.0.0.466
1300,302,11.0.0.760,11.0.0.466
1300,302,11.0.0.760,11.0.0.151
1300,302,11.0.0.760,11.0.0.151
1300,302,11.0.0.760,11.0.0.466
1300,302,11.0.0.760,11.0.0.151
1300,303,11.0.0.760,11.0.0.822
1300,303,11.0.0.760,11.0.0.822
1300,303,11.0.0.760,11.0.0.822
1300,304,11.0.0.760,11.0.0.116
1300,304,11.0.0.760,11.0.0.707
1300,304,11.0.0.760,11.0.0.707
1300,306,11.0.0.760,11.0.0.31
1300,306,11.0.0.760,11.0.0.31
1300,306,11.0.0.760,11.0.0.31
1300,310,11.0.0.760,11.0.0.89
1300,310,11.0.0.760,11.0.0.89
1300,310,11.0.0.760,11.0.0.144
1300,312,11.0.0.760,11.0.0.429
1300,312,11.0.0.760,11.0.0.754
1300,312,11.0.0.760,11.0.0.429
1300,312,11.0.0.760,11.0.0.429
1300,314,11.0.0.760,11.0.0.579
1300,314,11.0.0.760,11.0.0.579
1300,314,11.0.0.760,11.0.0.460
1300,314,11.0.0.760,11.0.0.460
1300,314,11.0.0.760,11.0.0.579
1300,315,11.0.0.760,11.0.0.386
1300,315,11.0.0.760,11.0.0.386
1300,315,11.0.0.760,11.0.0.460
1300,315,11.0.0.760,11.0.0.460
1300,315,11.0.0.760,11.0.0.386
1300,316,11.0.0.760,11.0.0.183
1300,316,11.0.0.760,11.0.0.892
1300,316,11.0.0.760,11.0.0.892
1300,316,11.0.0.760,11.0.0.183
1300,316,11.0.0.760,11.0.0.892
1300,316,11.0.0.760,11.0.0.183
1300,317,11.0.0.760,11.0.0.891
1300,317,11.0.0.760,11.0.0.104
1300,317,11.0.0.760,11.0.0.104
1300,318,11.0.0.760,11.0.0.168
1300,318,11.0.0.760,11.0.0.393
1300,318,11.0.0.760,11.0.0.168
1300,318,11.0.0.760,11.0.0.393
1300,318,11.0.0.760,11.0.0.393
1300,319,11.0.0.760,11.0.0.238
1300,319,11.0.0.760,11.0.0.238
1300,324,11.0.0.760,11.0.0.891
1300,324,11.0.0.760,11.0.0.223
1300,324,11.0.0.760,11.0.0.223
1300,324,11.0.0.760,11.0.0.223
1300,324,11.0.0.760,11.0.0.891
1300,325,11.0.0.760,11.0.0.315
1300,325,11.0.0.760,11.0.0.315
1300,326,11.0.0.760,11.0.0.104
1300,326,11.0.0.760,11.0.0.406
1300,326,11.0.0.760,11.0.0.104
1300,326,11.0.0.760,11.0.0.406
1300,327,11.0.0.760,11.0.0.879
1300,327,11.0.0.760,11.0.0.879
1300,327,11.0.0.760,11.0.0.879
1300,327,11.0.0.760,11.0.0.429
1300,330,11.0.0.760,11.0.0.915
1300,330,11.0.0.760,11.0.0.38
1300,330,11.0.0.760,11.0.0.38
1300,330,11.0.0.760,11.0.0.915
1300,331,11.0.0.760,11.0.0.183
1300,331,11.0.0.760,11.0.0.946
1300,331,11.0.0.760,11.0.0.946
1300,331,11.0.0.760,11.0.0.946
1300,331,11.0.0.760,11.0.0.183
1300,331,11.0.0.760,11.0.0.183
1300,332,11.0.0.760,11.0.0.59
1300,332,11.0.0.760,11.0.0.59
1300,332,11.0.0.760,11.0.0.741
1300,332,11.0.0.760,11.0.0.741
1300,334,11.0.0.760,11.0.0.299
1300,334,11.0.0.760,11.0.0.299
1300,334,11.0.0.760,11.0.0.846
1300,334,11.0.0.760,11.0.0.846
1300,335,11.0.0.760,11.0.0.754
1300,335,11.0.0.760,11.0.0.640
1300,335,11.0.0.760,11.0.0.640
1300,335,11.0.0.760,11.0.0.754
1300,336,11.0.0.760,11.0.0.579
1300,336,11.0.0.760,11.0.0.432
1300,336,11.0.0.760,11.0.0.432
1300,336,11.0.0.760,11.0.0.579
1300,337,11.0.0.760,11.0.0.246
1300,337,11.0.0.760,11.0.0.115
1300,337,11.0.0.760,11.0.0.246
1300,337,11.0.0.760,11.0.0.115
1300,337,11.0.0.760,11.0.0.246
1300,338,11.0.0.760,11.0.0.579
1300,338,11.0.0.760,11.0.0.579
1300,338,11.0.0.760,11.0.0.579
1300,339,11.0.0.760,11.0.0.754
1300,340,11.0.0.760,11.0.0.481
1300,340,11.0.0.760,11.0.0.305
1300,340,11.0.0.760,11.0.0.305
1300,340,11.0.0.760,11.0.0.481
1300,340,11.0.0.760,11.0.0.481
1300,341,11.0.0.760,11.0.0.558
1300,341,11.0.0.760,11.0.0.558
1300,341,11.0.0.760,11.0.0.114
1300,341,11.0.0.760,11.0.0.114
1300,342,11.0.0.760,11.0.0.461
1300,342,11.0.0.760,11.0.0.461
1300,344,11.0.0.760,11.0.0.665
1300,344,11.0.0.760,11.0.0.665
1300,344,11.0.0.760,11.0.0.665
1300,345,11.0.0.760,11.0.0.741
1300,345,11.0.0.760,11.0.0.741
1300,346,11.0.0.760,11.0.0.86
1300,346,11.0.0.760,11.0.0.825
1300,346,11.0.0.760,11.0.0.86
1300,347,11.0.0.760,11.0.0.741
1300,347,11.0.0.760,11.0.0.741
1300,347,11.0.0.760,11.0.0.741
1300,348,11.0.0.760,11.0.0.563
1300,348,11.0.0.760,11.0.0.32
1300,348,11.0.0.760,11.0.0.32
1300,348,11.0.0.760,11.0.0.563
1300,349,11.0.0.760,11.0.0.714
1300,349,11.0.0.760,11.0.0.714
1300,351,11.0.0.760,11.0.0.457
1300,351,11.0.0.760,11.0.0.457
1300,351,11.0.0.760,11.0.0.457
1300,355,11.0.0.760,11.0.0.154
1300,355,11.0.0.760,11.0.0.154
1300,357,11.0.0.760,11.0.0.294
1300,357,11.0.0.760,11.0.0.294
1300,358,11.0.0.760,11.0.0.89
1300,358,11.0.0.760,11.0.0.234
1300,358,11.0.0.760,11.0.0.234
1300,359,11.0.0.760,11.0.0.846
1300,359,11.0.0.760,11.0.0.846
1300,361,11.0.0.760,11.0.0.314
1300,361,11.0.0.760,11.0.0.314
1300,361,11.0.0.760,11.0.0.579
1300,362,11.0.0.760,11.0.0.910
1300,362,11.0.0.760,11.0.0.910
1300,363,11.0.0.760,11.0.0.50
1300,363,11.0.0.760,11.0.0.50
1300,365,11.0.0.760,11.0.0.585
1300,365,11.0.0.760,11.0.0.38
1300,365,11.0.0.760,11.0.0.585
1300,365,11.0.0.760,11.0.0.585
1300,365,11.0.0.760,11.0.0.38
1300,368,11.0.0.760,11.0.0.461
1300,368,11.0.0.760,11.0.0.461
1300,368,11.0.0.760,11.0.0.461
1300,369,11.0.0.760,11.0.0.23
1300,369,11.0.0.760,11.0.0.5
1300,369,11.0.0.760,11.0.0.23
1300,369,11.0.0.760,11.0.0.5
1300,370,11.0.0.760,11.0.0.879
1300,370,11.0.0.760,11.0.0.405
1300,370,11.0.0.760,11.0.0.879
1300,370,11.0.0.760,11.0.0.405
1300,370,11.0.0.760,11.0.0.405
1300,373,11.0.0.760,11.0.0.810
1300,373,11.0.0.760,11.0.0.810
1300,373,11.0.0.760,11.0.0.810
1300,373,11.0.0.760,11.0.0.665
1300,373,11.0.0.760,11.0.0.665
1300,374,11.0.0.760,11.0.0.488
1300,374,11.0.0.760,11.0.0.915
1300,374,11.0.0.760,11.0.0.488
1300,374,11.0.0.760,11.0.0.915
1300,375,11.0.0.760,11.0.0.640
1300,376,11.0.0.760,11.0.0.461
1300,376,11.0.0.760,11.0.0.461
1300,376,11.0.0.760,11.0.0.461
1300,376,11.0.0.760,11.0.0.466
1300,376,11.0.0.760,11.0.0.466
1300,376,11.0.0.760,11.0.0.466
1300,379,11.0.0.760,11.0.0.5
1300,379,11.0.0.760,11.0.0.5
1300,379,11.0.0.760,11.0.0.947
1300,379,11.0.0.760,11.0.0.5
1300,380,11.0.0.760,11.0.0.822
1300,380,11.0.0.760,11.0.0.262
1300,380,11.0.0.760,11.0.0.822
1300,381,11.0.0.760,11.0.0.304
1300,381,11.0.0.760,11.0.0.304
1300,381,11.0.0.760,11.0.0.304
1300,383,11.0.0.760,11.0.0.795
1300,383,11.0.0.760,11.0.0.58
1300,383,11.0.0.760,11.0.0.58
1300,383,11.0.0.760,11.0.0.795
1300,383,11.0.0.760,11.0.0.795
1300,383,11.0.0.760,11.0.0.58
1300,384,11.0.0.760,11.0.0.32
1300,384,11.0.0.760,11.0.0.32
1300,385,11.0.0.760,11.0.0.355
1300,387,11.0.0.760,11.0.0.741
1300,387,11.0.0.760,11.0.0.741
1300,387,11.0.0.760,11.0.0.741
1300,389,11.0.0.760,11.0.0.50
1300,389,11.0.0.760,11.0.0.50
1300,389,11.0.0.760,11.0.0.50
1300,390,11.0.0.760,11.0.0.892
1300,393,11.0.0.760,11.0.0.5
1300,393,11.0.0.760,11.0.0.5
1300,396,11.0.0.760,11.0.0.706
1300,396,11.0.0.760,11.0.0.706
1300,396,11.0.0.760,11.0.0.154
1300,396,11.0.0.760,11.0.0.154
1300,396,11.0.0.760,11.0.0.154
1300,398,11.0.0.760,11.0.0.946
1300,398,11.0.0.760,11.0.0.917
1300,398,11.0.0.760,11.0.0.917
1300,398,11.0.0.760,11.0.0.917
1300,399,11.0.0.760,11.0.0.867
1300,399,11.0.0.760,11.0.0.867
1300,399,11.0.0.760,11.0.0.891
1300,399,11.0.0.760,11.0.0.891
1300,400,11.0.0.760,11.0.0.807
1300,400,11.0.0.760,11.0.0.409
1300,400,11.0.0.760,11.0.0.807
1300,400,11.0.0.760,11.0.0.409
1300,402,11.0.0.760,11.0.0.714
1300,402,11.0.0.760,11.0.0.86
1300,402,11.0.0.760,11.0.0.86
1300,402,11.0.0.760,11.0.0.714
1300,402,11.0.0.760,11.0.0.86
1300,403,11.0.0.760,11.0.0.846
1300,403,11.0.0.760,11.0.0.741
1300,404,11.0.0.760,11.0.0.23
1300,404,11.0.0.760,11.0.0.23
1300,405,11.0.0.760,11.0.0.756
1300,405,11.0.0.760,11.0.0.756
1300,406,11.0.0.760,11.0.0.339
1300,406,11.0.0.760,11.0.0.339
1300,406,11.0.0.760,11.0.0.339
1300,407,11.0.0.760,11.0.0.756
1300,407,11.0.0.760,11.0.0.756
1300,407,11.0.0.760,11.0.0.756
1300,408,11.0.0.760,11.0.0.232
1300,408,11.0.0.760,11.0.0.392
1300,408,11.0.0.760,11.0.0.392
1300,410,11.0.0.760,11.0.0.429
1300,410,11.0.0.760,11.0.0.477
1300,410,11.0.0.760,11.0.0.477
1300,410,11.0.0.760,11.0.0.429
1300,410,11.0.0.760,11.0.0.477
1300,410,11.0.0.760,11.0.0.429
1300,411,11.0.0.760,11.0.0.944
1300,411,11.0.0.760,11.0.0.944
1300,411,11.0.0.760,11.0.0.559
1300,412,11.0.0.760,11.0.0.286
1300,412,11.0.0.760,11.0.0.299
1300,412,11.0.0.760,11.0.0.299
1300,412,11.0.0.760,11.0.0.286
1300,412,11.0.0.760,11.0.0.299
1300,412,11.0.0.760,11.0.0.286
1300,414,11.0.0.760,11.0.0.558
1300,414,11.0.0.760,11.0.0.867
1300,414,11.0.0.760,11.0.0.867
1300,416,11.0.0.760,11.0.0.239
1300,416,11.0.0.760,11.0.0.32
1300,416,11.0.0.760,11.0.0.32
1300,416,11.0.0.760,11.0.0.32
1300,418,11.0.0.760,11.0.0.262
1300,418,11.0.0.760,11.0.0.367
1300,418,11.0.0.760,11.0.0.367
1300,419,11.0.0.760,11.0.0.355
1300,419,11.0.0.760,11.0.0.355
1300,419,11.0.0.760,11.0.0.355
1300,421,11.0.0.760,11.0.0.376
1300,421,11.0.0.760,11.0.0.376
1300,424,11.0.0.760,11.0.0.116
1300,424,11.0.0.760,11.0.0.116
1300,425,11.0.0.760,11.0.0.602
1300,425,11.0.0.760,11.0.0.602
1300,428,11.0.0.760,11.0.0.879
1300,428,11.0.0.760,11.0.0.879
1300,430,11.0.0.760,11.0.0.239
1300,430,11.0.0.760,11.0.0.239
1300,430,11.0.0.760,11.0.0.585
1300,430,11.0.0.760,11.0.0.585
1300,431,11.0.0.760,11.0.0.706
1300,431,11.0.0.760,11.0.0.706
1300,431,11.0.0.760,11.0.0.706
1300,431,11.0.0.760,11.0.0.286
1300,432,11.0.0.760,11.0.0.558
1300,433,11.0.0.760,11.0.0.19
1300,433,11.0.0.760,11.0.0.19
1300,433,11.0.0.760,11.0.0.367
1300,433,11.0.0.760,11.0.0.19
1300,434,11.0.0.760,11.0.0.891
1300,435,11.0.0.760,11.0.0.154
1300,435,11.0.0.760,11.0.0.891
1300,435,11.0.0.760,11.0.0.154
1300,435,11.0.0.760,11.0.0.891
1300,435,11.0.0.760,11.0.0.154
1300,435,11.0.0.760,11.0.0.891
1300,436,11.0.0.760,11.0.0.238
1300,436,11.0.0.760,11.0.0.238
1300,436,11.0.0.760,11.0.0.238
1300,437,11.0.0.760,11.0.0.536
1300,437,11.0.0.760,11.0.0.536
1300,437,11.0.0.760,11.0.0.565
1300,437,11.0.0.760,11.0.0.565
1300,439,11.0.0.760,11.0.0.917
1300,440,11.0.0.760,11.0.0.114
1300,440,11.0.0.760,11.0.0.114
1300,440,11.0.0.760,11.0.0.114
1300,441,11.0.0.760,11.0.0.144
1300,441,11.0.0.760,11.0.0.229
1300,441,11.0.0.760,11.0.0.144
1300,441,11.0.0.760,11.0.0.144
1300,441,11.0.0.760,11.0.0.229
1300,442,11.0.0.760,11.0.0.38
1300,444,11.0.0.760,11.0.0.246
1300,444,11.0.0.760,11.0.0.246
1300,444,11.0.0.760,11.0.0.58
1300,444,11.0.0.760,11.0.0.58
1300,444,11.0.0.760,11.0.0.58
1300,446,11.0.0.760,11.0.0.315
1300,447,11.0.0.760,11.0.0.822
1300,447,11.0.0.760,11.0.0.822
1300,448,11.0.0.760,11.0.0.23
1300,448,11.0.0.760,11.0.0.461
1300,449,11.0.0.760,11.0.0.346
1300,449,11.0.0.760,11.0.0.346
1300,452,11.0.0.760,11.0.0.585
1300,452,11.0.0.760,11.0.0.585
1300,454,11.0.0.760,11.0.0.579
1300,455,11.0.0.760,11.0.0.741
1300,455,11.0.0.760,11.0.0.585
1300,455,11.0.0.760,11.0.0.741
1300,457,11.0.0.760,11.0.0.910
1300,459,11.0.0.760,11.0.0.315
1300,459,11.0.0.760,11.0.0.662
1300,459,11.0.0.760,11.0.0.315
1300,459,11.0.0.760,11.0.0.662
1300,460,11.0.0.760,11.0.0.367
1300,460,11.0.0.760,11.0.0.367
1300,460,11.0.0.760,11.0.0.947
1300,460,11.0.0.760,11.0.0.947
1300,460,11.0.0.760,11.0.0.367
1300,461,11.0.0.760,11.0.0.879
1300,461,11.0.0.760,11.0.0.313
1300,461,11.0.0.760,11.0.0.313
1300,461,11.0.0.760,11.0.0.879
1300,461,11.0.0.760,11.0.0.313
1300,462,11.0.0.760,11.0.0.611
1300,462,11.0.0.760,11.0.0.611
1300,463,11.0.0.760,11.0.0.771
1300,463,11.0.0.760,11.0.0.314
1300,463,11.0.0.760,11.0.0.314
1300,463,11.0.0.760,11.0.0.771
1300,464,11.0.0.760,11.0.0.19
1300,464,11.0.0.760,11.0.0.19
1300,464,11.0.0.760,11.0.0.19
1300,465,11.0.0.760,11.0.0.733
1300,465,11.0.0.760,11.0.0.733
1300,465,11.0.0.760,11.0.0.733
1300,466,11.0.0.760,11.0.0.793
1300,466,11.0.0.760,11.0.0.574
1300,466,11.0.0.760,11.0.0.574
1300,466,11.0.0.760,11.0.0.574
1300,466,11.0.0.760,11.0.0.793
1300,467,11.0.0.760,11.0.0.618
1300,467,11.0.0.760,11.0.0.618
1300,468,11.0.0.760,11.0.0.151
1300,468,11.0.0.760,11.0.0.151
1300,468,11.0.0.760,11.0.0.756
1300,468,11.0.0.760,11.0.0.756
1300,471,11.0.0.760,11.0.0.232
1300,471,11.0.0.760,11.0.0.232
1300,472,11.0.0.760,11.0.0.94
1300,474,11.0.0.760,11.0.0.859
1300,474,11.0.0.760,11.0.0.795
1300,474,11.0.0.760,11.0.0.859
1300,474,11.0.0.760,11.0.0.859
1300,474,11.0.0.760,11.0.0.795
1300,477,11.0.0.760,11.0.0.536
1300,477,11.0.0.760,11.0.0.286
1300,477,11.0.0.760,11.0.0.536
1300,477,11.0.0.760,11.0.0.286
1300,480,11.0.0.760,11.0.0.670
1300,480,11.0.0.760,11.0.0.670
1300,481,11.0.0.760,11.0.0.741
1300,481,11.0.0.760,11.0.0.188
1300,481,11.0.0.760,11.0.0.741
1300,481,11.0.0.760,11.0.0.188
1300,482,11.0.0.760,11.0.0.611
1300,482,11.0.0.760,11.0.0.913
1300,482,11.0.0.760,11.0.0.611
1300,482,11.0.0.760,11.0.0.913
1300,482,11.0.0.760,11.0.0.611
1300,483,11.0.0.760,11.0.0.649
1300,483,11.0.0.760,11.0.0.649
1300,483,11.0.0.760,11.0.0.649
1300,485,11.0.0.760,11.0.0.339
1300,485,11.0.0.760,11.0.0.339
1300,486,11.0.0.760,11.0.0.795
1300,486,11.0.0.760,11.0.0.58
1300,486,11.0.0.760,11.0.0.795
1300,486,11.0.0.760,11.0.0.58
1300,486,11.0.0.760,11.0.0.795
1300,487,11.0.0.760,11.0.0.460
1300,487,11.0.0.760,11.0.0.460
1300,487,11.0.0.760,11.0.0.913
1300,487,11.0.0.760,11.0.0.913
1300,487,11.0.0.760,11.0.0.913
1300,488,11.0.0.760,11.0.0.731
1300,488,11.0.0.760,11.0.0.731
1300,488,11.0.0.760,11.0.0.807
1300,488,11.0.0.760,11.0.0.731
1300,488,11.0.0.760,11.0.0.807
1300,489,11.0.0.760,11.0.0.461
1300,489,11.0.0.760,11.0.0.461
1300,489,11.0.0.760,11.0.0.481
1300,489,11.0.0.760,11.0.0.461
1300,491,11.0.0.760,11.0.0.910
1300,491,11.0.0.760,11.0.0.910
1300,492,11.0.0.760,11.0.0.565
1300,492,11.0.0.760,11.0.0.565
1300,492,11.0.0.760,11.0.0.565
1300,493,11.0.0.760,11.0.0.947
1300,493,11.0.0.760,11.0.0.432
1300,493,11.0.0.760,11.0.0.432
1300,494,11.0.0.760,11.0.0.315
1300,494,11.0.0.760,11.0.0.315
1300,494,11.0.0.760,11.0.0.386
1300,495,11.0.0.760,11.0.0.488
1300,495,11.0.0.760,11.0.0.488
1300,495,11.0.0.760,11.0.0.687
1300,495,11.0.0.760,11.0.0.687
1300,495,11.0.0.760,11.0.0.687
1300,496,11.0.0.760,11.0.0.662
1300,496,11.0.0.760,11.0.0.457
1300,496,11.0.0.760,11.0.0.457
1300,497,11.0.0.760,11.0.0.795
1300,497,11.0.0.760,11.0.0.795
1300,498,11.0.0.760,11.0.0.299
1300,498,11.0.0.760,11.0.0.299
1300,498,11.0.0.760,11.0.0.304
1300,498,11.0.0.760,11.0.0.299
1300,499,11.0.0.760,11.0.0.917
1300,499,11.0.0.760,11.0.0.917
1300,500,11.0.0.760,11.0.0.294
1300,500,11.0.0.760,11.0.0.798
1300,500,11.0.0.760,11.0.0.294
1300,500,11.0.0.760,11.0.0.798
1300,502,11.0.0.760,11.0.0.429
1300,503,11.0.0.760,11.0.0.602
1300,503,11.0.0.760,11.0.0.714
1300,503,11.0.0.760,11.0.0.602
1300,503,11.0.0.760,11.0.0.714
1300,503,11.0.0.760,11.0.0.602
1300,504,11.0.0.760,11.0.0.115
1300,504,11.0.0.760,11.0.0.115
1300,505,11.0.0.760,11.0.0.670
1300,505,11.0.0.760,11.0.0.670
1300,505,11.0.0.760,11.0.0.304
1300,505,11.0.0.760,11.0.0.670
1300,505,11.0.0.760,11.0.0.304
1300,506,11.0.0.760,11.0.0.481
1300,506,11.0.0.760,11.0.0.31
1300,506,11.0.0.760,11.0.0.481
1300,508,11.0.0.760,11.0.0.825
1300,508,11.0.0.760,11.0.0.825
1300,510,11.0.0.760,11.0.0.731
1300,510,11.0.0.760,11.0.0.731
1300,510,11.0.0.760,11.0.0.731
1300,511,11.0.0.760,11.0.0.536
1300,511,11.0.0.760,11.0.0.536
1300,512,11.0.0.760,11.0.0.39
1300,512,11.0.0.760,11.0.0.39
1300,512,11.0.0.760,11.0.0.946
1300,512,11.0.0.760,11.0.0.39
1300,513,11.0.0.760,11.0.0.535
1300,513,11.0.0.760,11.0.0.535
1300,515,11.0.0.760,11.0.0.915
1300,515,11.0.0.760,11.0.0.32
1300,515,11.0.0.760,11.0.0.32
1300,515,11.0.0.760,11.0.0.915
1300,515,11.0.0.760,11.0.0.915
1300,516,11.0.0.760,11.0.0.640
1300,516,11.0.0.760,11.0.0.602
1300,516,11.0.0.760,11.0.0.602
1300,516,11.0.0.760,11.0.0.602
1300,518,11.0.0.760,11.0.0.339
1300,518,11.0.0.760,11.0.0.339
1300,520,11.0.0.760,11.0.0.366
1300,522,11.0.0.760,11.0.0.299
1300,522,11.0.0.760,11.0.0.299
1300,522,11.0.0.760,11.0.0.299
1300,523,11.0.0.760,11.0.0.376
1300,523,11.0.0.760,11.0.0.376
1300,523,11.0.0.760,11.0.0.496
1300,523,11.0.0.760,11.0.0.496
1300,524,11.0.0.760,11.0.0.915
1300,524,11.0.0.760,11.0.0.104
1300,524,11.0.0.760,11.0.0.104
1300,524,11.0.0.760,11.0.0.915
1300,526,11.0.0.760,11.0.0.238
1300,526,11.0.0.760,11.0.0.238
1300,526,11.0.0.760,11.0.0.574
1300,526,11.0.0.760,11.0.0.238
1300,527,11.0.0.760,11.0.0.892
1300,527,11.0.0.760,11.0.0.892
1300,529,11.0.0.760,11.0.0.563
1300,529,11.0.0.760,11.0.0.563
1300,530,11.0.0.760,11.0.0.793
1300,530,11.0.0.760,11.0.0.793
1300,531,11.0.0.760,11.0.0.86
1300,531,11.0.0.760,11.0.0.86
1300,533,11.0.0.760,11.0.0.807
1300,533,11.0.0.760,11.0.0.807
1300,533,11.0.0.760,11.0.0.807
1300,534,11.0.0.760,11.0.0.123
1300,534,11.0.0.760,11.0.0.123
1300,535,11.0.0.760,11.0.0.846
1300,535,11.0.0.760,11.0.0.846
1300,536,11.0.0.760,11.0.0.367
1300,536,11.0.0.760,11.0.0.367
1300,536,11.0.0.760,11.0.0.286
1300,537,11.0.0.760,11.0.0.740
1300,537,11.0.0.760,11.0.0.405
1300,537,11.0.0.760,11.0.0.740
1300,537,11.0.0.760,11.0.0.405
1300,537,11.0.0.760,11.0.0.405
1300,538,11.0.0.760,11.0.0.910
1300,538,11.0.0.760,11.0.0.910
1300,542,11.0.0.760,11.0.0.183
1300,542,11.0.0.760,11.0.0.183
1300,542,11.0.0.760,11.0.0.234
1300,542,11.0.0.760,11.0.0.234
1300,542,11.0.0.760,11.0.0.234
1300,542,11.0.0.760,11.0.0.183
1300,544,11.0.0.760,11.0.0.477
1300,544,11.0.0.760,11.0.0.477
1300,545,11.0.0.760,11.0.0.439
1300,545,11.0.0.760,11.0.0.439
1300,545,11.0.0.760,11.0.0.439
1300,546,11.0.0.760,11.0.0.536
1300,546,11.0.0.760,11.0.0.536
1300,547,11.0.0.760,11.0.0.731
1300,547,11.0.0.760,11.0.0.154
1300,547,11.0.0.760,11.0.0.154
1300,548,11.0.0.760,11.0.0.31
1300,548,11.0.0.760,11.0.0.31
1300,548,11.0.0.760,11.0.0.429
1300,549,11.0.0.760,11.0.0.402
1300,549,11.0.0.760,11.0.0.188
1300,549,11.0.0.760,11.0.0.402
1300,549,11.0.0.760,11.0.0.402
1300,551,11.0.0.760,11.0.0.313
1300,552,11.0.0.760,11.0.0.432
1300,553,11.0.0.760,11.0.0.59
1300,553,11.0.0.760,11.0.0.579
1300,553,11.0.0.760,11.0.0.59
1300,553,11.0.0.760,11.0.0.579
1300,553,11.0.0.760,11.0.0.579
1300,554,11.0.0.760,11.0.0.304
1300,555,11.0.0.760,11.0.0.432
1300,555,11.0.0.760,11.0.0.432
1300,555,11.0.0.760,11.0.0.555
1300,555,11.0.0.760,11.0.0.555
1300,556,11.0.0.760,11.0.0.314
1300,556,11.0.0.760,11.0.0.314
1300,556,11.0.0.760,11.0.0.314
1300,557,11.0.0.760,11.0.0.741
1300,557,11.0.0.760,11.0.0.741
1300,557,11.0.0.760,11.0.0.313
1300,558,11.0.0.760,11.0.0.810
1300,558,11.0.0.760,11.0.0.810
1300,558,11.0.0.760,11.0.0.947
1300,558,11.0.0.760,11.0.0.947
1300,563,11.0.0.760,11.0.0.239
1300,563,11.0.0.760,11.0.0.239
1300,563,11.0.0.760,11.0.0.239
1300,565,11.0.0.760,11.0.0.305
1300,565,11.0.0.760,11.0.0.305
1300,565,11.0.0.760,11.0.0.305
1300,565,11.0.0.760,11.0.0.649
1300,568,11.0.0.760,11.0.0.771
1300,568,11.0.0.760,11.0.0.771
1300,568,11.0.0.760,11.0.0.367
1300,568,11.0.0.760,11.0.0.367
1300,568,11.0.0.760,11.0.0.771
1300,569,11.0.0.760,11.0.0.649
1300,569,11.0.0.760,11.0.0.239
1300,569,11.0.0.760,11.0.0.649
1300,569,11.0.0.760,11.0.0.649
1300,570,11.0.0.760,11.0.0.406
1300,570,11.0.0.760,11.0.0.406
1300,570,11.0.0.760,11.0.0.406
1300,571,11.0.0.760,11.0.0.640
1300,571,11.0.0.760,11.0.0.640
1300,573,11.0.0.760,11.0.0.339
1300,573,11.0.0.760,11.0.0.339
1300,573,11.0.0.760,11.0.0.825
1300,575,11.0.0.760,11.0.0.367
1300,575,11.0.0.760,11.0.0.392
1300,577,11.0.0.760,11.0.0.223
1300,577,11.0.0.760,11.0.0.793
1300,577,11.0.0.760,11.0.0.223
1300,577,11.0.0.760,11.0.0.793
1300,578,11.0.0.760,11.0.0.563
1300,578,11.0.0.760,11.0.0.563
1300,579,11.0.0.760,11.0.0.891
1300,579,11.0.0.760,11.0.0.891
1300,579,11.0.0.760,11.0.0.891
1300,579,11.0.0.760,11.0.0.795
1300,579,11.0.0.760,11.0.0.795
1300,580,11.0.0.760,11.0.0.535
1300,581,11.0.0.760,11.0.0.5
1300,581,11.0.0.760,11.0.0.5
1300,582,11.0.0.760,11.0.0.859
1300,582,11.0.0.760,11.0.0.859
1300,582,11.0.0.760,11.0.0.859
1300,583,11.0.0.760,11.0.0.488
1300,583,11.0.0.760,11.0.0.488
1300,584,11.0.0.760,11.0.0.947
1300,586,11.0.0.760,11.0.0.19
1300,587,11.0.0.760,11.0.0.367
1300,587,11.0.0.760,11.0.0.392
1300,587,11.0.0.760,11.0.0.392
1300,587,11.0.0.760,11.0.0.367
1300,587,11.0.0.760,11.0.0.367
1300,587,11.0.0.760,11.0.0.392
1300,590,11.0.0.760,11.0.0.314
1300,590,11.0.0.760,11.0.0.366
1300,590,11.0.0.760,11.0.0.366
1300,590,11.0.0.760,11.0.0.314
1300,592,11.0.0.760,11.0.0.687
1300,592,11.0.0.760,11.0.0.687
1300,593,11.0.0.760,11.0.0.232
1300,593,11.0.0.760,11.0.0.209
1300,593,11.0.0.760,11.0.0.209
1300,594,11.0.0.760,11.0.0.535
1300,594,11.0.0.760,11.0.0.535
1300,596,11.0.0.760,11.0.0.392
1300,596,11.0.0.760,11.0.0.366
1300,596,11.0.0.760,11.0.0.392
1300,596,11.0.0.760,11.0.0.392
1300,597,11.0.0.760,11.0.0.209
1300,597,11.0.0.760,11.0.0.209
1300,597,11.0.0.760,11.0.0.558
1300,597,11.0.0.760,11.0.0.558
1300,597,11.0.0.760,11.0.0.209
1300,597,11.0.0.760,11.0.0.558
1300,598,11.0.0.760,11.0.0.662
1300,599,11.0.0.760,11.0.0.38
1300,599,11.0.0.760,11.0.0.38
1300,599,11.0.0.760,11.0.0.38
1300,600,11.0.0.760,11.0.0.578
1300,600,11.0.0.760,11.0.0.578
1300,600,11.0.0.760,11.0.0.238
1300,603,11.0.0.760,11.0.0.822
1300,603,11.0.0.760,11.0.0.822
1300,603,11.0.0.760,11.0.0.822
1300,603,11.0.0.760,11.0.0.798
1300,603,11.0.0.760,11.0.0.798
1300,604,11.0.0.760,11.0.0.466
1300,604,11.0.0.760,11.0.0.602
1300,604,11.0.0.760,11.0.0.602
1300,604,11.0.0.760,11.0.0.602
1300,604,11.0.0.760,11.0.0.466
1300,606,11.0.0.760,11.0.0.114
1300,606,11.0.0.760,11.0.0.825
1300,606,11.0.0.760,11.0.0.114
1300,606,11.0.0.760,11.0.0.825
1300,607,11.0.0.760,11.0.0.439
1300,607,11.0.0.760,11.0.0.891
1300,607,11.0.0.760,11.0.0.439
1300,607,11.0.0.760,11.0.0.891
1300,607,11.0.0.760,11.0.0.439
1300,607,11.0.0.760,11.0.0.891
1300,608,11.0.0.760,11.0.0.299
1300,608,11.0.0.760,11.0.0.299
1300,609,11.0.0.760,11.0.0.756
1300,609,11.0.0.760,11.0.0.756
1300,609,11.0.0.760,11.0.0.756
1300,609,11.0.0.760,11.0.0.439
1300,611,11.0.0.760,11.0.0.822
1300,611,11.0.0.760,11.0.0.822
1300,612,11.0.0.760,11.0.0.670
1300,612,11.0.0.760,11.0.0.670
1300,613,11.0.0.760,11.0.0.144
1300,613,11.0.0.760,11.0.0.144
1300,613,11.0.0.760,11.0.0.144
1300,614,11.0.0.760,11.0.0.234
1300,614,11.0.0.760,11.0.0.793
1300,614,11.0.0.760,11.0.0.793
1300,615,11.0.0.760,11.0.0.535
1300,615,11.0.0.760,11.0.0.535
1300,616,11.0.0.760,11.0.0.246
1300,617,11.0.0.760,11.0.0.376
1300,619,11.0.0.760,11.0.0.232
1300,619,11.0.0.760,11.0.0.346
1300,619,11.0.0.760,11.0.0.232
1300,619,11.0.0.760,11.0.0.232
1300,619,11.0.0.760,11.0.0.346
1300,620,11.0.0.760,11.0.0.168
1300,620,11.0.0.760,11.0.0.168
1300,620,11.0.0.760,11.0.0.771
1300,620,11.0.0.760,11.0.0.771
1300,620,11.0.0.760,11.0.0.168
1300,620,11.0.0.760,11.0.0.771
1300,621,11.0.0.760,11.0.0.944
1300,621,11.0.0.760,11.0.0.944
1300,621,11.0.0.760,11.0.0.944
1300,622,11.0.0.760,11.0.0.662
1300,622,11.0.0.760,11.0.0.662
1300,622,11.0.0.760,11.0.0.662
1300,623,11.0.0.760,11.0.0.687
1300,623,11.0.0.760,11.0.0.687
1300,623,11.0.0.760,11.0.0.402
1300,623,11.0.0.760,11.0.0.687
1300,624,11.0.0.760,11.0.0.563
1300,624,11.0.0.760,11.0.0.246
1300,624,11.0.0.760,11.0.0.563
1300,624,11.0.0.760,11.0.0.246
1300,624,11.0.0.760,11.0.0.246
1300,627,11.0.0.760,11.0.0.299
1300,627,11.0.0.760,11.0.0.299
1300,627,11.0.0.760,11.0.0.299
1300,629,11.0.0.760,11.0.0.31
1300,629,11.0.0.760,11.0.0.432
1300,629,11.0.0.760,11.0.0.31
1300,631,11.0.0.760,11.0.0.234
1300,631,11.0.0.760,11.0.0.19
1300,631,11.0.0.760,11.0.0.19
1300,631,11.0.0.760,11.0.0.19
1300,634,11.0.0.760,11.0.0.913
1300,634,11.0.0.760,11.0.0.913
1300,636,11.0.0.760,11.0.0.565
1300,636,11.0.0.760,11.0.0.262
1300,636,11.0.0.760,11.0.0.565
1300,636,11.0.0.760,11.0.0.262
1300,637,11.0.0.760,11.0.0.429
1300,637,11.0.0.760,11.0.0.536
1300,637,11.0.0.760,11.0.0.536
1300,638,11.0.0.760,11.0.0.733
1300,639,11.0.0.760,11.0.0.19
1300,639,11.0.0.760,11.0.0.19
1300,639,11.0.0.760,11.0.0.19
1300,640,11.0.0.760,11.0.0.793
1300,640,11.0.0.760,11.0.0.466
1300,642,11.0.0.760,11.0.0.376
1300,642,11.0.0.760,11.0.0.299
1300,642,11.0.0.760,11.0.0.299
1300,644,11.0.0.760,11.0.0.535
1300,644,11.0.0.760,11.0.0.535
1300,644,11.0.0.760,11.0.0.731
1300,645,11.0.0.760,11.0.0.886
1300,645,11.0.0.760,11.0.0.886
1300,645,11.0.0.760,11.0.0.886
1300,647,11.0.0.760,11.0.0.58
1300,647,11.0.0.760,11.0.0.58
1300,648,11.0.0.760,11.0.0.238
1300,648,11.0.0.760,11.0.0.238
1300,648,11.0.0.760,11.0.0.859
1300,648,11.0.0.760,11.0.0.859
1300,648,11.0.0.760,11.0.0.238
1300,648,11.0.0.760,11.0.0.859
1300,649,11.0.0.760,11.0.0.913
1300,649,11.0.0.760,11.0.0.585
1300,649,11.0.0.760,11.0.0.585
1300,649,11.0.0.760,11.0.0.913
1300,649,11.0.0.760,11.0.0.585
1300,650,11.0.0.760,11.0.0.188
1300,650,11.0.0.760,11.0.0.188
1300,650,11.0.0.760,11.0.0.19
1300,650,11.0.0.760,11.0.0.188
1300,650,11.0.0.760,11.0.0.19
1300,650,11.0.0.760,11.0.0.19
1300,651,11.0.0.760,11.0.0.115
1300,655,11.0.0.760,11.0.0.810
1300,655,11.0.0.760,11.0.0.810
1300,655,11.0.0.760,11.0.0.810
1300,656,11.0.0.760,11.0.0.565
1300,656,11.0.0.760,11.0.0.822
1300,657,11.0.0.760,11.0.0.188
1300,657,11.0.0.760,11.0.0.188
1300,657,11.0.0.760,11.0.0.733
1300,658,11.0.0.760,11.0.0.913
1300,658,11.0.0.760,11.0.0.313
1300,658,11.0.0.760,11.0.0.913
1300,659,11.0.0.760,11.0.0.393
1300,659,11.0.0.760,11.0.0.346
1300,659,11.0.0.760,11.0.0.346
1300,659,11.0.0.760,11.0.0.393
1300,659,11.0.0.760,11.0.0.393
1300,661,11.0.0.760,11.0.0.618
1300,661,11.0.0.760,11.0.0.239
1300,661,11.0.0.760,11.0.0.618
1300,661,11.0.0.760,11.0.0.239
1300,662,11.0.0.760,11.0.0.393
1300,662,11.0.0.760,11.0.0.393
1300,662,11.0.0.760,11.0.0.393
1300,664,11.0.0.760,11.0.0.574
1300,664,11.0.0.760,11.0.0.574
1300,664,11.0.0.760,11.0.0.366
1300,664,11.0.0.760,11.0.0.366
1300,665,11.0.0.760,11.0.0.32
1300,665,11.0.0.760,11.0.0.32
1300,665,11.0.0.760,11.0.0.32
1300,665,11.0.0.760,11.0.0.798
1300,668,11.0.0.760,11.0.0.305
1300,668,11.0.0.760,11.0.0.376
1300,668,11.0.0.760,11.0.0.376
1300,668,11.0.0.760,11.0.0.376
1300,668,11.0.0.760,11.0.0.305
1300,669,11.0.0.760,11.0.0.386
1300,669,11.0.0.760,11.0.0.386
1300,669,11.0.0.760,11.0.0.386
1300,669,11.0.0.760,11.0.0.405
1300,670,11.0.0.760,11.0.0.822
1300,670,11.0.0.760,11.0.0.822
1300,670,11.0.0.760,11.0.0.795
1300,670,11.0.0.760,11.0.0.822
1300,670,11.0.0.760,11.0.0.795
1300,672,11.0.0.760,11.0.0.563
1300,672,11.0.0.760,11.0.0.563
1300,672,11.0.0.760,11.0.0.563
1300,673,11.0.0.760,11.0.0.86
1300,673,11.0.0.760,11.0.0.175
1300,673,11.0.0.760,11.0.0.175
1300,673,11.0.0.760,11.0.0.175
1300,673,11.0.0.760,11.0.0.86
1300,674,11.0.0.760,11.0.0.31
1300,674,11.0.0.760,11.0.0.31
1300,675,11.0.0.760,11.0.0.104
1300,675,11.0.0.760,11.0.0.104
1300,675,11.0.0.760,11.0.0.104
1300,678,11.0.0.760,11.0.0.188
1300,678,11.0.0.760,11.0.0.223
1300,678,11.0.0.760,11.0.0.223
1300,679,11.0.0.760,11.0.0.402
1300,679,11.0.0.760,11.0.0.402
1300,679,11.0.0.760,11.0.0.402
1300,680,11.0.0.760,11.0.0.771
1300,680,11.0.0.760,11.0.0.578
1300,680,11.0.0.760,11.0.0.771
1300,680,11.0.0.760,11.0.0.578
1300,681,11.0.0.760,11.0.0.670
1300,681,11.0.0.760,11.0.0.315
1300,681,11.0.0.760,11.0.0.315
1300,681,11.0.0.760,11.0.0.670
1300,681,11.0.0.760,11.0.0.670
1300,682,11.0.0.760,11.0.0.649
1300,682,11.0.0.760,11.0.0.706
1300,682,11.0.0.760,11.0.0.706
1300,684,11.0.0.760,11.0.0.602
1300,684,11.0.0.760,11.0.0.461
1300,684,11.0.0.760,11.0.0.602
1300,684,11.0.0.760,11.0.0.602
1300,685,11.0.0.760,11.0.0.602
1300,685,11.0.0.760,11.0.0.175
1300,685,11.0.0.760,11.0.0.175
1300,686,11.0.0.760,11.0.0.944
1300,686,11.0.0.760,11.0.0.944
1300,692,11.0.0.760,11.0.0.879
1300,692,11.0.0.760,11.0.0.913
1300,692,11.0.0.760,11.0.0.879
1300,692,11.0.0.760,11.0.0.913
1300,696,11.0.0.760,11.0.0.406
1300,696,11.0.0.760,11.0.0.406
1300,696,11.0.0.760,11.0.0.429
1300,697,11.0.0.760,11.0.0.558
1300,697,11.0.0.760,11.0.0.558
1300,698,11.0.0.760,11.0.0.602
1300,698,11.0.0.760,11.0.0.602
1300,698,11.0.0.760,11.0.0.602
1300,699,11.0.0.760,11.0.0.86
1300,699,11.0.0.760,11.0.0.299
1300,699,11.0.0.760,11.0.0.86
1300,699,11.0.0.760,11.0.0.299
1300,700,11.0.0.760,11.0.0.793
1300,700,11.0.0.760,11.0.0.793
1300,701,11.0.0.760,11.0.0.457
1300,701,11.0.0.760,11.0.0.555
1300,701,11.0.0.760,11.0.0.555
1300,701,11.0.0.760,11.0.0.555
1300,703,11.0.0.760,11.0.0.754
1300,703,11.0.0.760,11.0.0.754
1300,703,11.0.0.760,11.0.0.115
1300,703,11.0.0.760,11.0.0.115
1300,703,11.0.0.760,11.0.0.115
1300,704,11.0.0.760,11.0.0.50
1300,704,11.0.0.760,11.0.0.50
1300,704,11.0.0.760,11.0.0.50
1300,705,11.0.0.760,11.0.0.304
1300,705,11.0.0.760,11.0.0.19
1300,705,11.0.0.760,11.0.0.19
1300,705,11.0.0.760,11.0.0.304
1300,706,11.0.0.760,11.0.0.406
1300,706,11.0.0.760,11.0.0.115
1300,706,11.0.0.760,11.0.0.115
1300,706,11.0.0.760,11.0.0.115
1300,706,11.0.0.760,11.0.0.406
1300,706,11.0.0.760,11.0.0.406
1300,707,11.0.0.760,11.0.0.386
1300,707,11.0.0.760,11.0.0.386
1300,707,11.0.0.760,11.0.0.386
1300,709,11.0.0.760,11.0.0.754
1300,709,11.0.0.760,11.0.0.754
1300,709,11.0.0.760,11.0.0.793
1300,709,11.0.0.760,11.0.0.793
1300,709,11.0.0.760,11.0.0.754
1300,710,11.0.0.760,11.0.0.640
1300,710,11.0.0.760,11.0.0.565
1300,710,11.0.0.760,11.0.0.565
1300,710,11.0.0.760,11.0.0.640
1300,710,11.0.0.760,11.0.0.640
1300,711,11.0.0.760,11.0.0.687
1300,711,11.0.0.760,11.0.0.687
1300,711,11.0.0.760,11.0.0.461
1300,711,11.0.0.760,11.0.0.461
1300,712,11.0.0.760,11.0.0.731
1300,712,11.0.0.760,11.0.0.555
1300,712,11.0.0.760,11.0.0.731
1300,712,11.0.0.760,11.0.0.555
1300,716,11.0.0.760,11.0.0.19
1300,716,11.0.0.760,11.0.0.741
1300,716,11.0.0.760,11.0.0.19
1300,716,11.0.0.760,11.0.0.19
1300,717,11.0.0.760,11.0.0.405
1300,717,11.0.0.760,11.0.0.859
1300,717,11.0.0.760,11.0.0.405
1300,717,11.0.0.760,11.0.0.859
1300,719,11.0.0.760,11.0.0.246
1300,719,11.0.0.760,11.0.0.246
1300,719,11.0.0.760,11.0.0.756
1300,719,11.0.0.760,11.0.0.756
1300,719,11.0.0.760,11.0.0.246
1300,719,11.0.0.760,11.0.0.756
1300,720,11.0.0.760,11.0.0.234
1300,720,11.0.0.760,11.0.0.535
1300,721,11.0.0.760,11.0.0.585
1300,721,11.0.0.760,11.0.0.346
1300,721,11.0.0.760,11.0.0.585
1300,721,11.0.0.760,11.0.0.346
1300,721,11.0.0.760,11.0.0.585
1300,722,11.0.0.760,11.0.0.175
1300,722,11.0.0.760,11.0.0.183
1300,722,11.0.0.760,11.0.0.175
1300,723,11.0.0.760,11.0.0.574
1300,723,11.0.0.760,11.0.0.574
1300,723,11.0.0.760,11.0.0.917
1300,723,11.0.0.760,11.0.0.917
1300,723,11.0.0.760,11.0.0.917
1300,725,11.0.0.760,11.0.0.461
1300,725,11.0.0.760,11.0.0.104
1300,725,11.0.0.760,11.0.0.104
1300,725,11.0.0.760,11.0.0.461
1300,726,11.0.0.760,11.0.0.188
1300,726,11.0.0.760,11.0.0.188
1300,726,11.0.0.760,11.0.0.188
1300,727,11.0.0.760,11.0.0.846
1300,728,11.0.0.760,11.0.0.59
1300,729,11.0.0.760,11.0.0.706
1300,729,11.0.0.760,11.0.0.611
1300,729,11.0.0.760,11.0.0.611
1300,729,11.0.0.760,11.0.0.706
1300,729,11.0.0.760,11.0.0.611
1300,731,11.0.0.760,11.0.0.315
1300,731,11.0.0.760,11.0.0.315
1300,731,11.0.0.760,11.0.0.315
1300,732,11.0.0.760,11.0.0.810
1300,732,11.0.0.760,11.0.0.810
1300,734,11.0.0.760,11.0.0.807
1300,734,11.0.0.760,11.0.0.807
1300,734,11.0.0.760,11.0.0.807
1300,736,11.0.0.760,11.0.0.355
1300,736,11.0.0.760,11.0.0.355
1300,736,11.0.0.760,11.0.0.706
1300,736,11.0.0.760,11.0.0.706
1300,736,11.0.0.760,11.0.0.355
1300,736,11.0.0.760,11.0.0.706
1300,737,11.0.0.760,11.0.0.86
1300,737,11.0.0.760,11.0.0.86
1300,737,11.0.0.760,11.0.0.86
1300,738,11.0.0.760,11.0.0.756
1300,738,11.0.0.760,11.0.0.756
1300,738,11.0.0.760,11.0.0.19
1300,738,11.0.0.760,11.0.0.756
1300,739,11.0.0.760,11.0.0.460
1300,739,11.0.0.760,11.0.0.460
1300,739,11.0.0.760,11.0.0.460
1300,740,11.0.0.760,11.0.0.402
1300,740,11.0.0.760,11.0.0.402
1300,741,11.0.0.760,11.0.0.38
1300,741,11.0.0.760,11.0.0.944
1300,741,11.0.0.760,11.0.0.38
1300,742,11.0.0.760,11.0.0.886
1300,742,11.0.0.760,11.0.0.886
1300,742,11.0.0.760,11.0.0.386
1300,742,11.0.0.760,11.0.0.886
1300,742,11.0.0.760,11.0.0.386
1300,744,11.0.0.760,11.0.0.457
1300,744,11.0.0.760,11.0.0.457
1300,744,11.0.0.760,11.0.0.846
1300,744,11.0.0.760,11.0.0.846
1300,744,11.0.0.760,11.0.0.846
1300,744,11.0.0.760,11.0.0.457
1300,747,11.0.0.760,11.0.0.89
1300,751,11.0.0.760,11.0.0.555
1300,751,11.0.0.760,11.0.0.39
1300,751,11.0.0.760,11.0.0.555
1300,751,11.0.0.760,11.0.0.39
1300,754,11.0.0.760,11.0.0.558
1300,754,11.0.0.760,11.0.0.477
1300,754,11.0.0.760,11.0.0.477
1300,754,11.0.0.760,11.0.0.558
1300,755,11.0.0.760,11.0.0.59
1300,755,11.0.0.760,11.0.0.59
1300,755,11.0.0.760,11.0.0.59
1300,756,11.0.0.760,11.0.0.346
1300,756,11.0.0.760,11.0.0.402
1300,756,11.0.0.760,11.0.0.346
1300,756,11.0.0.760,11.0.0.346
1300,757,11.0.0.760,11.0.0.429
1300,757,11.0.0.760,11.0.0.429
1300,758,11.0.0.760,11.0.0.662
1300,758,11.0.0.760,11.0.0.662
1300,761,11.0.0.760,11.0.0.367
1300,761,11.0.0.760,11.0.0.367
1300,761,11.0.0.760,11.0.0.367
1300,761,11.0.0.760,11.0.0.585
1300,762,11.0.0.760,11.0.0.665
1300,762,11.0.0.760,11.0.0.665
1300,762,11.0.0.760,11.0.0.665
1300,763,11.0.0.760,11.0.0.825
1300,765,11.0.0.760,11.0.0.286
1300,765,11.0.0.760,11.0.0.286
1300,766,11.0.0.760,11.0.0.810
1300,767,11.0.0.760,11.0.0.305
1300,767,11.0.0.760,11.0.0.305
1300,767,11.0.0.760,11.0.0.305
1300,767,11.0.0.760,11.0.0.154
1300,767,11.0.0.760,11.0.0.154
1300,767,11.0.0.760,11.0.0.154
1300,768,11.0.0.760,11.0.0.376
1300,768,11.0.0.760,11.0.0.879
1300,768,11.0.0.760,11.0.0.376
1300,768,11.0.0.760,11.0.0.879
1300,773,11.0.0.760,11.0.0.223
1300,773,11.0.0.760,11.0.0.223
1300,773,11.0.0.760,11.0.0.286
1300,773,11.0.0.760,11.0.0.223
1300,774,11.0.0.760,11.0.0.313
1300,774,11.0.0.760,11.0.0.555
1300,774,11.0.0.760,11.0.0.313
1300,775,11.0.0.760,11.0.0.810
1300,776,11.0.0.760,11.0.0.406
1300,776,11.0.0.760,11.0.0.406
1300,777,11.0.0.760,11.0.0.640
1300,778,11.0.0.760,11.0.0.559
1300,778,11.0.0.760,11.0.0.559
1300,780,11.0.0.760,11.0.0.754
1300,780,11.0.0.760,11.0.0.754
1300,780,11.0.0.760,11.0.0.754
1300,782,11.0.0.760,11.0.0.346
1300,782,11.0.0.760,11.0.0.346
1300,782,11.0.0.760,11.0.0.793
1300,782,11.0.0.760,11.0.0.793
1300,783,11.0.0.760,11.0.0.886
1300,783,11.0.0.760,11.0.0.886
1300,783,11.0.0.760,11.0.0.618
1300,783,11.0.0.760,11.0.0.886
1300,783,11.0.0.760,11.0.0.618
1300,784,11.0.0.760,11.0.0.19
1300,784,11.0.0.760,11.0.0.188
1300,784,11.0.0.760,11.0.0.19
1300,784,11.0.0.760,11.0.0.188
1300,784,11.0.0.760,11.0.0.188
1300,784,11.0.0.760,11.0.0.19
1300,785,11.0.0.760,11.0.0.536
1300,785,11.0.0.760,11.0.0.536
1300,785,11.0.0.760,11.0.0.175
1300,785,11.0.0.760,11.0.0.175
1300,786,11.0.0.760,11.0.0.273
1300,786,11.0.0.760,11.0.0.273
1300,787,11.0.0.760,11.0.0.19
1300,789,11.0.0.760,11.0.0.19
1300,789,11.0.0.760,11.0.0.477
1300,789,11.0.0.760,11.0.0.19
1300,789,11.0.0.760,11.0.0.19
1300,789,11.0.0.760,11.0.0.477
1300,791,11.0.0.760,11.0.0.731
1300,791,11.0.0.760,11.0.0.578
1300,791,11.0.0.760,11.0.0.731
1300,791,11.0.0.760,11.0.0.731
1300,791,11.0.0.760,11.0.0.578
1300,794,11.0.0.760,11.0.0.376
1300,794,11.0.0.760,11.0.0.262
1300,794,11.0.0.760,11.0.0.376
1300,794,11.0.0.760,11.0.0.262
1300,795,11.0.0.760,11.0.0.565
1300,795,11.0.0.760,11.0.0.565
1300,796,11.0.0.760,11.0.0.602
1300,796,11.0.0.760,11.0.0.602
1300,796,11.0.0.760,11.0.0.602
1300,797,11.0.0.760,11.0.0.886
1300,797,11.0.0.760,11.0.0.886
1300,800,11.0.0.760,11.0.0.238
1300,800,11.0.0.760,11.0.0.238
1300,800,11.0.0.760,11.0.0.238
1300,801,11.0.0.760,11.0.0.366
1300,801,11.0.0.760,11.0.0.585
1300,802,11.0.0.760,11.0.0.115
1300,802,11.0.0.760,11.0.0.115
1300,803,11.0.0.760,11.0.0.367
1300,804,11.0.0.760,11.0.0.793
1300,805,11.0.0.760,11.0.0.386
1300,805,11.0.0.760,11.0.0.946
1300,805,11.0.0.760,11.0.0.386
1300,806,11.0.0.760,11.0.0.481
1300,806,11.0.0.760,11.0.0.481
1300,808,11.0.0.760,11.0.0.891
1300,809,11.0.0.760,11.0.0.825
1300,809,11.0.0.760,11.0.0.825
1300,809,11.0.0.760,11.0.0.89
1300,809,11.0.0.760,11.0.0.825
1300,811,11.0.0.760,11.0.0.366
1300,811,11.0.0.760,11.0.0.366
1300,811,11.0.0.760,11.0.0.366
1300,813,11.0.0.760,11.0.0.232
1300,813,11.0.0.760,11.0.0.232
1300,819,11.0.0.760,11.0.0.94
1300,819,11.0.0.760,11.0.0.439
1300,819,11.0.0.760,11.0.0.94
1300,819,11.0.0.760,11.0.0.439
1300,820,11.0.0.760,11.0.0.946
1300,822,11.0.0.760,11.0.0.367
1300,822,11.0.0.760,11.0.0.367
1300,822,11.0.0.760,11.0.0.367
1300,822,11.0.0.760,11.0.0.798
1300,822,11.0.0.760,11.0.0.798
1300,823,11.0.0.760,11.0.0.23
1300,823,11.0.0.760,11.0.0.23
1300,824,11.0.0.760,11.0.0.670
1300,824,11.0.0.760,11.0.0.670
1300,825,11.0.0.760,11.0.0.366
1300,825,11.0.0.760,11.0.0.366
1300,826,11.0.0.760,11.0.0.144
1300,826,11.0.0.760,11.0.0.144
1300,826,11.0.0.760,11.0.0.640
1300,826,11.0.0.760,11.0.0.144
1300,827,11.0.0.760,11.0.0.123
1300,832,11.0.0.760,11.0.0.602
1300,832,11.0.0.760,11.0.0.602
1300,832,11.0.0.760,11.0.0.602
1300,833,11.0.0.760,11.0.0.23
1300,833,11.0.0.760,11.0.0.23
1300,834,11.0.0.760,11.0.0.578
1300,834,11.0.0.760,11.0.0.578
1300,834,11.0.0.760,11.0.0.578
1300,835,11.0.0.760,11.0.0.496
1300,835,11.0.0.760,11.0.0.496
1300,836,11.0.0.760,11.0.0.38
1300,836,11.0.0.760,11.0.0.38
1300,837,11.0.0.760,11.0.0.687
1300,837,11.0.0.760,11.0.0.825
1300,837,11.0.0.760,11.0.0.825
1300,837,11.0.0.760,11.0.0.687
1300,838,11.0.0.760,11.0.0.461
1300,838,11.0.0.760,11.0.0.461
1300,839,11.0.0.760,11.0.0.578
1300,839,11.0.0.760,11.0.0.578
1300,839,11.0.0.760,11.0.0.559
1300,839,11.0.0.760,11.0.0.559
1300,839,11.0.0.760,11.0.0.559
1300,840,11.0.0.760,11.0.0.59
1300,840,11.0.0.760,11.0.0.59
1300,840,11.0.0.760,11.0.0.59
1300,841,11.0.0.760,11.0.0.793
1300,841,11.0.0.760,11.0.0.314
1300,841,11.0.0.760,11.0.0.314
1300,841,11.0.0.760,11.0.0.314
1300,845,11.0.0.760,11.0.0.807
1300,845,11.0.0.760,11.0.0.807
1300,845,11.0.0.760,11.0.0.807
1300,846,11.0.0.760,11.0.0.481
1300,846,11.0.0.760,11.0.0.481
1300,847,11.0.0.760,11.0.0.183
1300,847,11.0.0.760,11.0.0.183
1300,847,11.0.0.760,11.0.0.23
1300,847,11.0.0.760,11.0.0.23
1300,848,11.0.0.760,11.0.0.741
1300,848,11.0.0.760,11.0.0.432
1300,848,11.0.0.760,11.0.0.432
1300,849,11.0.0.760,11.0.0.859
1300,850,11.0.0.760,11.0.0.892
1300,850,11.0.0.760,11.0.0.892
1300,850,11.0.0.760,11.0.0.314
1300,850,11.0.0.760,11.0.0.314
1300,851,11.0.0.760,11.0.0.58
1300,851,11.0.0.760,11.0.0.58
1300,851,11.0.0.760,11.0.0.58
1300,852,11.0.0.760,11.0.0.585
1300,852,11.0.0.760,11.0.0.585
1300,854,11.0.0.760,11.0.0.810
1300,854,11.0.0.760,11.0.0.402
1300,855,11.0.0.760,11.0.0.714
1300,855,11.0.0.760,11.0.0.246
1300,856,11.0.0.760,11.0.0.104
1300,856,11.0.0.760,11.0.0.104
1300,856,11.0.0.760,11.0.0.32
1300,856,11.0.0.760,11.0.0.32
1300,856,11.0.0.760,11.0.0.104
1300,857,11.0.0.760,11.0.0.574
1300,858,11.0.0.760,11.0.0.867
1300,858,11.0.0.760,11.0.0.867
1300,858,11.0.0.760,11.0.0.867
1300,859,11.0.0.760,11.0.0.355
1300,859,11.0.0.760,11.0.0.86
1300,859,11.0.0.760,11.0.0.86
1300,859,11.0.0.760,11.0.0.86
1300,860,11.0.0.760,11.0.0.94
1300,861,11.0.0.760,11.0.0.917
1300,861,11.0.0.760,11.0.0.31
1300,861,11.0.0.760,11.0.0.917
1300,861,11.0.0.760,11.0.0.917
1300,872,11.0.0.760,11.0.0.38
1300,873,11.0.0.760,11.0.0.151
1300,873,11.0.0.760,11.0.0.94
1300,873,11.0.0.760,11.0.0.151
1300,873,11.0.0.760,11.0.0.94
1300,875,11.0.0.760,11.0.0.19
1300,875,11.0.0.760,11.0.0.144
1300,875,11.0.0.760,11.0.0.144
1300,876,11.0.0.760,11.0.0.393
1300,876,11.0.0.760,11.0.0.393
1300,876,11.0.0.760,11.0.0.19
1300,876,11.0.0.760,11.0.0.19
1300,877,11.0.0.760,11.0.0.432
1300,877,11.0.0.760,11.0.0.432
1300,878,11.0.0.760,11.0.0.116
1300,878,11.0.0.760,11.0.0.578
1300,878,11.0.0.760,11.0.0.578
1300,878,11.0.0.760,11.0.0.116
1300,879,11.0.0.760,11.0.0.39
1300,879,11.0.0.760,11.0.0.39
1300,881,11.0.0.760,11.0.0.405
1300,881,11.0.0.760,11.0.0.175
1300,881,11.0.0.760,11.0.0.175
1300,881,11.0.0.760,11.0.0.405
1300,881,11.0.0.760,11.0.0.405
1300,882,11.0.0.760,11.0.0.707
1300,882,11.0.0.760,11.0.0.461
1300,882,11.0.0.760,11.0.0.461
1300,882,11.0.0.760,11.0.0.461
1300,882,11.0.0.760,11.0.0.707
1300,882,11.0.0.760,11.0.0.707
1300,883,11.0.0.760,11.0.0.229
1300,885,11.0.0.760,11.0.0.315
1300,885,11.0.0.760,11.0.0.315
1300,885,11.0.0.760,11.0.0.315
1300,886,11.0.0.760,11.0.0.810
1300,886,11.0.0.760,11.0.0.314
1300,886,11.0.0.760,11.0.0.810
1300,886,11.0.0.760,11.0.0.314
1300,887,11.0.0.760,11.0.0.168
1300,887,11.0.0.760,11.0.0.168
1300,887,11.0.0.760,11.0.0.825
1300,888,11.0.0.760,11.0.0.867
1300,888,11.0.0.760,11.0.0.115
1300,888,11.0.0.760,11.0.0.867
1300,888,11.0.0.760,11.0.0.115
1300,888,11.0.0.760,11.0.0.115
1300,889,11.0.0.760,11.0.0.798
1300,889,11.0.0.760,11.0.0.825
1300,889,11.0.0.760,11.0.0.825
1300,890,11.0.0.760,11.0.0.706
1300,891,11.0.0.760,11.0.0.313
1300,891,11.0.0.760,11.0.0.313
1300,891,11.0.0.760,11.0.0.313
1300,891,11.0.0.760,11.0.0.611
1300,892,11.0.0.760,11.0.0.246
1300,892,11.0.0.760,11.0.0.246
1300,893,11.0.0.760,11.0.0.234
1300,893,11.0.0.760,11.0.0.144
1300,893,11.0.0.760,11.0.0.234
1300,893,11.0.0.760,11.0.0.144
1300,894,11.0.0.760,11.0.0.559
1300,894,11.0.0.760,11.0.0.559
1300,895,11.0.0.760,11.0.0.879
1300,898,11.0.0.760,11.0.0.38
1300,898,11.0.0.760,11.0.0.859
1300,899,11.0.0.760,11.0.0.299
1300,899,11.0.0.760,11.0.0.299
1300,899,11.0.0.760,11.0.0.86
1300,899,11.0.0.760,11.0.0.86
1300,899,11.0.0.760,11.0.0.86
1300,899,11.0.0.760,11.0.0.299
1300,900,11.0.0.760,11.0.0.232
1300,900,11.0.0.760,11.0.0.461
1300,902,11.0.0.760,11.0.0.376
1300,902,11.0.0.760,11.0.0.376
1300,902,11.0.0.760,11.0.0.376
1300,903,11.0.0.760,11.0.0.154
1300,903,11.0.0.760,11.0.0.154
1300,903,11.0.0.760,11.0.0.910
1300,903,11.0.0.760,11.0.0.910
1300,903,11.0.0.760,11.0.0.910
1300,904,11.0.0.760,11.0.0.563
1300,905,11.0.0.760,11.0.0.602
1300,905,11.0.0.760,11.0.0.602
1300,905,11.0.0.760,11.0.0.602
1300,906,11.0.0.760,11.0.0.756
1300,906,11.0.0.760,11.0.0.294
1300,906,11.0.0.760,11.0.0.294
1300,907,11.0.0.760,11.0.0.315
1300,907,11.0.0.760,11.0.0.477
1300,907,11.0.0.760,11.0.0.315
1300,907,11.0.0.760,11.0.0.315
1300,909,11.0.0.760,11.0.0.299
1300,909,11.0.0.760,11.0.0.123
1300,909,11.0.0.760,11.0.0.123
1300,909,11.0.0.760,11.0.0.299
1300,909,11.0.0.760,11.0.0.123
1300,910,11.0.0.760,11.0.0.910
1300,911,11.0.0.760,11.0.0.944
1300,911,11.0.0.760,11.0.0.183
1300,911,11.0.0.760,11.0.0.944
1300,911,11.0.0.760,11.0.0.183
1300,912,11.0.0.760,11.0.0.846
1300,912,11.0.0.760,11.0.0.39
1300,912,11.0.0.760,11.0.0.39
1300,912,11.0.0.760,11.0.0.846
1300,912,11.0.0.760,11.0.0.846
1300,913,11.0.0.760,11.0.0.346
1300,913,11.0.0.760,11.0.0.346
1300,918,11.0.0.760,11.0.0.846
1300,918,11.0.0.760,11.0.0.733
1300,918,11.0.0.760,11.0.0.846
1300,920,11.0.0.760,11.0.0.366
1300,920,11.0.0.760,11.0.0.366
1300,921,11.0.0.760,11.0.0.239
1300,921,11.0.0.760,11.0.0.665
1300,921,11.0.0.760,11.0.0.665
1300,921,11.0.0.760,11.0.0.239
1300,922,11.0.0.760,11.0.0.175
1300,922,11.0.0.760,11.0.0.175
1300,922,11.0.0.760,11.0.0.314
1300,922,11.0.0.760,11.0.0.314
1300,922,11.0.0.760,11.0.0.314
1300,923,11.0.0.760,11.0.0.578
1300,923,11.0.0.760,11.0.0.578
1300,923,11.0.0.760,11.0.0.578
1300,924,11.0.0.760,11.0.0.670
1300,924,11.0.0.760,11.0.0.807
1300,924,11.0.0.760,11.0.0.807
1300,924,11.0.0.760,11.0.0.670
1300,924,11.0.0.760,11.0.0.807
1300,924,11.0.0.760,11.0.0.670
1300,925,11.0.0.760,11.0.0.477
1300,925,11.0.0.760,11.0.0.477
1300,925,11.0.0.760,11.0.0.810
1300,925,11.0.0.760,11.0.0.810
1300,925,11.0.0.760,11.0.0.477
1300,926,11.0.0.760,11.0.0.536
1300,926,11.0.0.760,11.0.0.536
1300,928,11.0.0.760,11.0.0.168
1300,928,11.0.0.760,11.0.0.409
1300,928,11.0.0.760,11.0.0.168
1300,928,11.0.0.760,11.0.0.168
1300,929,11.0.0.760,11.0.0.94
1300,929,11.0.0.760,11.0.0.94
1300,930,11.0.0.760,11.0.0.386
1300,931,11.0.0.760,11.0.0.733
1300,931,11.0.0.760,11.0.0.733
1300,931,11.0.0.760,11.0.0.429
1300,932,11.0.0.760,11.0.0.536
1300,934,11.0.0.760,11.0.0.558
1300,934,11.0.0.760,11.0.0.558
1300,934,11.0.0.760,11.0.0.798
1300,934,11.0.0.760,11.0.0.558
1300,935,11.0.0.760,11.0.0.665
1300,935,11.0.0.760,11.0.0.665
1300,935,11.0.0.760,11.0.0.665
1300,936,11.0.0.760,11.0.0.461
1300,936,11.0.0.760,11.0.0.461
1300,936,11.0.0.760,11.0.0.461
1300,937,11.0.0.760,11.0.0.223
1300,937,11.0.0.760,11.0.0.386
1300,937,11.0.0.760,11.0.0.386
1300,937,11.0.0.760,11.0.0.386
1300,937,11.0.0.760,11.0.0.223
1300,937,11.0.0.760,11.0.0.223
1300,939,11.0.0.760,11.0.0.402
1300,939,11.0.0.760,11.0.0.402
1300,939,11.0.0.760,11.0.0.339
1300,939,11.0.0.760,11.0.0.339
1300,941,11.0.0.760,11.0.0.432
1300,941,11.0.0.760,11.0.0.733
1300,941,11.0.0.760,11.0.0.733
1300,941,11.0.0.760,11.0.0.432
1300,941,11.0.0.760,11.0.0.733
1300,944,11.0.0.760,11.0.0.665
1300,944,11.0.0.760,11.0.0.670
1300,944,11.0.0.760,11.0.0.665
1300,944,11.0.0.760,11.0.0.670
1300,945,11.0.0.760,11.0.0.662
1300,945,11.0.0.760,11.0.0.662
1300,946,11.0.0.760,11.0.0.86
1300,946,11.0.0.760,11.0.0.86
1300,949,11.0.0.760,11.0.0.892
1300,949,11.0.0.760,11.0.0.706
1300,949,11.0.0.760,11.0.0.706
1300,951,11.0.0.760,11.0.0.946
1300,951,11.0.0.760,11.0.0.346
1300,951,11.0.0.760,11.0.0.346
1300,952,11.0.0.760,11.0.0.38
1300,952,11.0.0.760,11.0.0.38
1300,952,11.0.0.760,11.0.0.38
1300,953,11.0.0.760,11.0.0.355
1300,957,11.0.0.760,11.0.0.825
1300,957,11.0.0.760,11.0.0.825
1300,961,11.0.0.760,11.0.0.94
1300,961,11.0.0.760,11.0.0.39
1300,961,11.0.0.760,11.0.0.39
1300,961,11.0.0.760,11.0.0.94
1300,963,11.0.0.760,11.0.0.461
1300,963,11.0.0.760,11.0.0.273
1300,963,11.0.0.760,11.0.0.273
1300,963,11.0.0.760,11.0.0.461
1300,963,11.0.0.760,11.0.0.273
1300,964,11.0.0.760,11.0.0.432
1300,964,11.0.0.760,11.0.0.315
1300,964,11.0.0.760,11.0.0.315
1300,965,11.0.0.760,11.0.0.535
1300,965,11.0.0.760,11.0.0.535
1300,967,11.0.0.760,11.0.0.123
1300,967,11.0.0.760,11.0.0.305
1300,967,11.0.0.760,11.0.0.123
1300,968,11.0.0.760,11.0.0.286
1300,968,11.0.0.760,11.0.0.706
1300,968,11.0.0.760,11.0.0.286
1300,968,11.0.0.760,11.0.0.706
1300,968,11.0.0.760,11.0.0.286
1300,971,11.0.0.760,11.0.0.239
1300,971,11.0.0.760,11.0.0.239
1300,975,11.0.0.760,11.0.0.460
1300,975,11.0.0.760,11.0.0.460
1300,975,11.0.0.760,11.0.0.460
1300,979,11.0.0.760,11.0.0.714
1300,979,11.0.0.760,11.0.0.714
1300,979,11.0.0.760,11.0.0.714
1300,980,11.0.0.760,11.0.0.314
1300,980,11.0.0.760,11.0.0.314
1300,981,11.0.0.760,11.0.0.39
1300,981,11.0.0.760,11.0.0.104
1300,981,11.0.0.760,11.0.0.39
1300,981,11.0.0.760,11.0.0.39
1300,981,11.0.0.760,11.0.0.104
1300,981,11.0.0.760,11.0.0.104
1300,982,11.0.0.760,11.0.0.232
1300,982,11.0.0.760,11.0.0.232
1300,982,11.0.0.760,11.0.0.232
1300,984,11.0.0.760,11.0.0.115
1300,984,11.0.0.760,11.0.0.115
1300,984,11.0.0.760,11.0.0.115
1300,986,11.0.0.760,11.0.0.579
1300,986,11.0.0.760,11.0.0.579
1300,986,11.0.0.760,11.0.0.579
1300,987,11.0.0.760,11.0.0.183
1300,987,11.0.0.760,11.0.0.810
1300,987,11.0.0.760,11.0.0.183
1300,987,11.0.0.760,11.0.0.810
1300,987,11.0.0.760,11.0.0.183
1300,987,11.0.0.760,11.0.0.810
1300,988,11.0.0.760,11.0.0.402
1300,988,11.0.0.760,11.0.0.402
1300,989,11.0.0.760,11.0.0.946
1300,989,11.0.0.760,11.0.0.402
1300,989,11.0.0.760,11.0.0.946
1300,991,11.0.0.760,11.0.0.305
1300,991,11.0.0.760,11.0.0.305
1300,992,11.0.0.760,11.0.0.50
1300,992,11.0.0.760,11.0.0.50
1300,993,11.0.0.760,11.0.0.733
1300,993,11.0.0.760,11.0.0.432
1300,993,11.0.0.760,11.0.0.432
1300,993,11.0.0.760,11.0.0.733
1300,993,11.0.0.760,11.0.0.432
1300,994,11.0.0.760,11.0.0.209
1300,994,11.0.0.760,11.0.0.209
1300,996,11.0.0.760,11.0.0.618
1300,996,11.0.0.760,11.0.0.618
1300,996,11.0.0.760,11.0.0.405
1300,996,11.0.0.760,11.0.0.405
1300,996,11.0.0.760,11.0.0.405
1300,999,11.0.0.760,11.0.0.535
1300,999,11.0.0.760,11.0.0.376
1300,999,11.0.0.760,11.0.0.535
1300,999,11.0.0.760,11.0.0.535
